137|0.5625660647304749|0.3271239578971688|-0.29395368094826624|0.5356580009930372|0.8775460187958938|
1|-0.36030610540378527|-0.2686314191247502|-0.27334821101963647|-0.19051092894234503|-0.3001758398279355|
139|-0.9038954249475397|-0.44889254508564186|-0.7976747720980758|-0.882836172601448|-0.7249583354009661|
3|0.2229469904478004|0.5577176517858461|0.41173888863583696|0.6138100514942297|0.7166644158420272|
141|0.25748377257153765|0.528275180429756|0.8325312160254293|0.36336848017122775|0.6276809465773615|
5|-0.24674533136402013|-0.018701376626703098|-0.07511673493984257|-0.2736024166056867|0.25228598121788126|
143|0.3616322960592693|0.3799781832512464|0.733125371674966|1.0032815197725213|0.3969479991905127|
7|0.29793722280525425|-0.1486273065547603|-0.3849814208134373|0.0317730574083259|-0.3444633231544941|
129|-0.15523408176931958|0.11733026922597824|0.17200197730015646|-0.24324587797782932|0.3878751649644931|
9|0.2989223611454134|0.005616871558540961|-0.03478587763663241|0.3369252786438074|-0.14380193563085514|
131|0.43653485394853825|0.5644993273082939|0.49375435889260794|0.9096784813422447|0.7416991470964511|
11|-0.1774555398423061|-0.22109041239333904|-0.2861190791327684|0.23337200199056593|-0.22426925407524273|
133|-0.4461277865968921|-0.13343283671846656|-0.025926522201330043|-0.06869017009388169|0.3643347990398247|
13|0.27957894766182967|-0.08196604069741291|0.17379992400227914|0.11225107411805534|-0.2724334280100905|
135|0.6581958888307182|0.46133596361771206|0.34316624438111837|0.6360119160902941|0.7784131399070094|
15|1.104296602638285|1.0899577805185352|1.022892409632114|0.6786691871432431|0.8940247851071189|
17|0.2967637022755595|0.4995279952772432|0.12391905154139404|0.3163768966153798|-0.024575698760363744|
153|-0.5394871533969263|-0.543122940082199|-0.4758174775109834|-0.6941692175258249|-0.43170444315661427|
19|-0.32980688947670767|0.4038594621472791|0.22890753248270218|-0.30393658923283173|-0.5625705351095666|
155|-0.3826750021775108|-0.22827150754983463|-0.5225261325983758|-0.4921896719009447|-0.10756265965599655|
21|-0.7887814672203164|-0.5719913331138473|-0.5921495655560562|0.07853457002065124|-0.2693128909416771|
157|0.06798156926511259|0.18634167267833687|-0.039443838888028354|0.17003097607663364|0.2270992923614198|
23|0.23823640067842736|0.39386279233858906|0.5937808217088696|0.765625647519389|-0.1528079921404404|
159|0.0881554586291092|-0.025907785484142402|-0.19440387060101974|0.0921287257098581|0.2865115315692399|
25|-0.6092165936067719|-0.5428239202287649|-0.6774525594433646|-0.3719993424786993|-0.6989367347384791|
145|-1.0663379285198211|-0.5168514184005464|-0.5781781051905235|-0.4556559251404335|-0.37849180272324673|
27|-0.013033248356512336|-0.2796129785166383|0.016437324360231466|0.3854026079537238|-0.27539113804080423|
147|-0.5531705702626871|-0.6919580128356775|-0.821009521323615|-0.7674026027075422|-0.31037164217262686|
29|-0.136536958359238|0.3054117852726102|0.9863121215474476|0.5839223693894039|-0.11310325289033567|
149|0.4098042188236579|0.1259350830187934|0.5585367050238925|0.6450473102286979|1.0083269053017898|
31|-0.726278628244407|-0.31678598268820707|-0.7593888106026564|-0.2388851104075612|-0.5810276126228927|
151|0.43262611739719653|0.6390820414838403|0.18653855268321692|0.017148694114539377|0.5030290215879831|
171|0.4558648477122609|-0.08605996619062024|0.021652235057516796|0.07812852570830647|-0.1421524753065515|
35|-0.3901516223005528|0.051398469434424145|0.0062777074596396506|-0.20393983166748222|-0.5346787088993216|
169|0.42174870825511834|0.2791516402894233|0.1840464298419487|0.12023162893965834|0.34067148920173396|
33|-1.5917840606458409|-1.0509003970921873|-1.0459101493813228|-0.9843162682931466|-1.1293023841740704|
175|0.3526122162256818|0.288966494483603|0.22074200130287705|0.39718300331513856|0.6376651344084839|
39|-0.20615542302186315|-0.13566463682165944|-0.5948245021577435|-0.1808119191002086|-0.15869925066331597|
173|0.10501223424350044|-0.09685411793139267|-0.3412006357779707|0.20101023346664437|0.006220032891095611|
37|0.14081996178700001|0.6661143541710299|0.5699141203340048|0.5054630322775403|-0.06487957113617907|
163|0.24787864313931457|1.1492586547662518|1.0767212754348474|-0.021381897317439075|0.6521675467650255|
43|-0.9785473838610503|-1.351630244679475|-1.0332831148307147|-1.1523273373798857|-0.8534962948916929|
161|-0.9860142112195626|-0.4680157271784411|0.14084236367001227|-0.2812571090012971|-0.7675845429462631|
41|0.18600709171104374|0.27339124096880535|0.3759191323145135|0.22808969368204812|0.3640339803264226|
167|0.053540200887574926|0.03201143693457359|0.3359654628075123|0.025724312498446453|0.40104449970286243|
47|-0.5754166477699642|-0.14192897887690237|-0.07346403995555308|-0.41292396193372516|-0.8204726365775856|
165|-0.40488632046982975|-0.7140193183017124|-0.6776717615144978|-0.2940918730085961|-0.5311577811911024|
45|1.201849781236135|0.9480263640415737|1.4997316492490553|1.6189708992337004|0.7820944231285037|
51|-0.1350785559964068|-0.09245827912852991|0.010743763226857505|-0.03986203289406553|0.7194954058716085|
187|-0.0317952472333055|-0.03494903243383529|-0.1312929566657392|-0.7908881291029802|-0.18629206994905712|
49|-0.1743041239796137|-0.44556777211102205|-0.1506173858309658|-0.022868308675777854|-0.048400334972076346|
185|0.09549125045624789|-0.7203014221539247|-1.0275888872784085|-0.2380053016662871|-0.3025092709897016|
55|0.8871272187245015|0.8914318422341103|0.995385392803327|0.9677791526109137|0.42501229380988365|
191|-0.15162526568605653|-0.15747687266258711|-0.4183886894329679|-0.20282713550296916|-0.7665676805974605|
53|-0.9818479953412017|-1.4640767478383552|-1.160197972983352|-1.1982081669834|-0.8713702252484463|
189|7.514573100146581E-4|0.635073940722785|0.3238538265981438|0.6689472609170083|0.1389429753543286|
59|-0.5629038074272084|-0.7941722526201034|-0.8376242132453041|-0.7429844853993011|-0.021792448700631326|
179|-0.5483424868865074|0.010153248211560105|0.1207940930087306|-0.2213357894783524|-0.4759980575920533|
57|0.4968725759521732|0.919701414692098|0.4822590576069369|0.393469903321554|0.596189272309005|
177|1.4759576832464603|1.9184749821352252|1.5320856744617195|1.495396678289311|1.8126675926305935|
63|-0.059982558970535164|-0.19193058596812662|-0.056547606083660294|0.1163203508874526|-5.743466336762934E-4|
183|0.2915556701925889|0.6845306570652189|0.531279359264429|0.6909190793399634|0.20976850408287254|
61|-0.19045658006759847|-0.25854250477747737|-0.44111185512259615|-0.04165018581825365|-0.26111553254610537|
181|-0.24646443492250053|-0.18919128263657156|0.32402940623091847|0.11550258627014108|-0.0938253324281447|
69|-0.5076079422993188|-0.43865860491550285|-0.8589924203939531|-0.7474026767457028|-0.45393545308919164|
71|1.394736106861946|0.6677168437178125|1.128885280850107|0.9506488363720512|1.7539496530055358|
65|-0.887782226075842|-0.6978141478439519|-0.68986149724796|-0.6142335878802382|-0.869730582481531|
67|0.25023133180440454|-0.049548880719765216|-0.10096861613852076|-0.11004198780701785|-0.1948122898898482|
197|1.2010483054594003|1.089320925914654|1.4337554878311602|0.532589715603111|0.927630383023172|
77|0.013113357914116807|0.5671274559247406|0.6414530241161578|0.4967011960817903|0.5068228668560955|
199|1.2634076051489067|0.8366457741529804|0.30593897622070465|0.5864757178291857|1.0275069837391615|
79|0.08821510901937296|0.1702334228479766|0.30972025305141565|0.03575718051667812|0.3470535027546275|
193|0.9764994630936068|1.074112772092184|0.8438380421010139|1.4798886415178956|1.1176354255538357|
73|0.5155480049759938|0.14707585425036282|0.6484524024220469|0.33549686082023034|0.6281600164940639|
195|-0.20770346692852712|-0.18061401216077586|-0.41054013070737183|-0.5730591590700563|-0.32567610543286474|
75|0.4206774156549576|0.6421558062098793|0.2666216808750037|0.03325210078383519|0.5359152740822688|
85|-0.0315903922776668|0.3069273344224914|-0.023838107588303986|-0.038582714635564105|0.4765122978251314|
87|0.5980812374265925|0.2379225945525171|0.5852006192566828|0.5174152288442972|0.4871419262527029|
81|0.6849899725432126|1.0469571346750455|0.6878368815987425|0.21467230661537648|0.48634795757353516|
83|0.22473418175449447|0.26351652230966494|0.6363864168233773|0.22961082066167895|0.37321637072061215|
93|-0.32862752088397984|-0.5496631709937114|-0.45154827752904597|-0.7273910091528586|-0.5907455588813685|
95|-0.2996221261499606|-0.019598932474641968|-0.026715451235849976|0.1212434663527556|-0.1902447407136472|
89|0.5223646240166108|-0.28897673234368465|0.19388343957850965|0.1988727916459918|0.08971753167388297|
91|0.4063220061908277|0.552219361734784|0.24854892264117917|0.3414687528320745|0.31110973166033995|
103|0.4849588874763439|0.37194594699737205|0.8799238087593495|0.5911366440089495|0.7340235876120944|
101|0.3231801246798831|0.40134251259465437|0.5478402534498998|0.5379215932713065|0.46403485023590235|
99|0.8604423513505617|1.377723661386113|0.8678246032030756|1.2051350652179043|0.48483610754270595|
97|0.34011251864006026|0.11672152298660185|0.18507159167023735|0.41803878407226175|0.37457368328527624|
111|-1.0488623031684885|-0.6174030833965084|-0.16919935121373952|-0.6871220155359101|-0.29853859916552394|
109|-0.5077641466489289|-0.42253331700918323|-0.5734490102089693|-0.84759897749428|-0.3764703495226087|
107|-0.2634328026564038|0.008182670503742006|0.21158570918226302|0.04916489041244393|-0.28987820780287815|
105|0.5893823725118918|0.34040193994956497|0.30539378827346036|0.4015671954525473|0.14643135910375546|
119|-0.3062250964681484|0.4435676027200374|0.6466988344094502|-0.4079209869573737|0.33835125524256116|
117|0.482036247678998|0.3967043873943068|0.18758187246465519|0.42510183189509837|0.30571455252893004|
115|-0.38631660831038617|-0.5160921905401329|-0.4149001291237751|-0.678779239754137|-0.33670307666548244|
113|-0.13944635918630108|5.667608023388288E-4|-0.33235527199284076|-0.14731620106355808|-0.29039288062507035|
127|0.5277485067359982|0.8502974034987223|0.9988163068894941|0.8355964640818062|0.5325773026396038|
125|0.4390322950036733|0.09936527266934356|0.13629482872139462|0.2320671794646503|0.6404550368852358|
123|0.6322964593428139|0.6175799643713376|0.29887813254854095|0.022510505063875075|-0.21663226214028236|
121|0.329112736064805|0.060807965736118075|0.6186975336226284|0.282417443818493|0.39811071695458256|
