0|-0.21078544722347434|0.4182045528473044|-0.06918501673940677|0.04496156243736837|-0.45667534828786843|
136|0.08699749163725932|-0.15625692022341212|0.032238369087098775|0.5756930431458592|0.0034473688972070354|
2|0.7012865038350523|0.6787216118132428|0.8414956123344948|0.5354215945550668|0.33404405659594083|
138|0.017969699053074134|0.37477226808984926|0.22145518786645407|0.12638209205370907|-0.062303090724179735|
4|-0.3714850810834742|-0.36066986222650393|-0.13147198049355363|-0.6374658024181465|-0.6278409126286459|
140|0.015849526333692104|-0.21950046030054415|-0.286873884130863|-0.07779918625162155|-0.2606577184136552|
6|0.4455393208441662|0.14353140451104987|0.5492033895131837|0.3667268057063327|0.01757254491510282|
142|-0.35037192726833094|0.05662504774222565|0.2388379792968492|-0.19119906905721842|-0.28375474649994453|
8|0.4770987291692042|0.1350233867817573|0.4983467936927859|0.1733713321019709|0.5824420629716672|
128|0.2068401074868863|-0.002187666178498173|0.13334429990263408|0.49367599416831026|-0.02468505422268798|
10|0.3565178687593124|0.6010153695520714|-0.08142287210072187|0.3299864831296217|0.48688997266373724|
130|0.7739363681432444|1.106143858333284|0.9646417875607827|0.7015420308368107|0.7169983372319785|
12|0.4607818506702404|0.5192128339873339|0.20229020122869326|0.6654037956966927|0.7762442494096643|
132|0.29228280194517187|0.3129226384226205|-0.06054425501933113|0.36541570411778906|0.43973586305946605|
14|-0.10304812756978443|0.09287069794916712|0.4562513567188251|0.42107725406459784|0.3463039001037297|
134|-0.6748054681686064|-0.3214105318322921|-0.19525219125650506|-0.44547900795825035|-0.5258052782815041|
152|-0.21128666816792818|-0.3035226571511169|-0.8727919507164169|-0.3818504363981562|-0.10880725856076387|
16|0.4223691101455349|0.705836984492377|0.47467618199649947|0.12806686424757371|0.4689955428163126|
154|0.12285725803723746|-0.12282582493776562|-0.3365490012658789|-0.20802633632192716|-0.052746615041107524|
18|0.2135531463890117|0.05944825153022632|-0.11685423892517541|0.4474785489163273|-0.002958683428792791|
156|-0.47927049573470876|-0.5961258097812963|-0.7009511378084217|-0.9255753159957187|-1.0735446222163447|
20|0.46082781972610776|0.39266136874052493|0.044089456934317595|0.20173872438434126|0.15106541643471733|
158|0.5962255029001181|0.22981671571953005|0.4442909446492199|0.6619538784465258|0.5596535825729541|
22|0.05754558430347187|0.28970746250255786|-0.3705579713143439|-0.1237435701726078|0.1345935659265093|
144|0.10363574768505944|0.6856996067387429|-0.052416606312112465|0.2939338297983645|-0.10912837278105836|
24|0.5915476115571254|0.19381081057730615|-0.16622698751134235|-0.33401542157166847|-0.20924353361678827|
146|0.06894445732651176|-0.13850545604542155|-0.20039818883446012|-0.629901943357467|-0.3537513931927442|
26|-0.31822971453203003|-0.5454869755881702|-0.6660915819598942|-0.034945443358994174|-0.34295635478252046|
148|-0.10028068312781277|0.13116943429082487|-0.005301212706266509|-0.13659775455207213|-0.3869656134648346|
28|0.8017882054703914|0.6003219389369611|0.6339782472966916|0.9613904808867608|0.42711267710062195|
150|0.4836532347845592|0.377566369804347|0.4918644605577794|0.7453114765320215|0.2764306978663917|
30|0.05833496177522966|-0.2801620360980991|-0.04964420298320545|0.4315635278519091|0.05271579558901405|
34|0.7478220228062521|0.22380480031157324|0.26578799880995946|0.8112536482244761|0.49329299730705284|
170|-0.219293721475321|-0.16314408569567634|-0.08928540727177604|0.10907260459376385|-0.10252269366285151|
32|-0.166183168868111|-0.3225498952403678|0.08121584459490694|0.0659232785781454|-0.07206027742560073|
168|-0.13316479832664765|0.3717951939442293|0.4431630881457221|0.27247202377322827|0.3026817134701754|
38|-0.4619700710278248|-0.6962489017576756|-0.6431879862160306|-0.7945878928727551|-0.7153965737671826|
174|-0.7952141876721732|-0.7547340189189427|-0.5968889586618931|-0.7552136002541955|-0.649311331745729|
36|1.0349284183084344|0.7865009736846356|0.8238729064044479|1.4076161053950134|1.0429825598875588|
172|0.0676610616234252|0.5145942656744887|0.24937772418588589|-0.3764914331760657|-0.08325274877037034|
42|0.5537041127679814|0.4267161007017517|0.16751964206247955|0.7299641197300623|0.29644903485664287|
162|-0.1844552278583079|-0.4430470409225108|-0.7030575070635714|-0.3185285646549789|-0.6182800611266573|
40|-0.15428086566674798|-0.12016246794955057|-0.07910877810347115|-0.4339150678483003|-0.44786834278672577|
160|0.07534901665144479|0.23089095733214277|-0.2741234805210463|-0.1772908130184151|-0.09404932190992507|
46|-0.14397628980106184|-0.18475119655865163|-0.26325311628704656|-0.8086527797754497|-0.34883528341739584|
166|0.12328040816829536|-0.07117319618661623|0.058655849785411586|-0.04065878635549061|0.40701252089803436|
44|-0.6426658469777504|-0.3513742890046722|-0.40554142487551875|-0.49031151821371993|-0.5508698545097459|
164|-0.025066384090959095|-0.22576762705129108|-0.0610891823492829|0.3622901693290244|0.2550220159579548|
186|0.36488373070390484|0.6195771370024123|0.7027245163432937|0.2901414662264525|0.6259053100859243|
50|0.18354721146877584|0.3512865031162362|0.4723566389653773|0.050064625174169285|0.16966366856504014|
184|-0.5857260321129546|-0.15632297658787225|-0.6278042287108501|-0.15313860598280035|-0.0871609887171207|
48|0.8240948269487972|1.0507807813482715|1.6289099388185633|1.0576147307976544|1.0246000970713929|
190|-0.016461284829584658|0.05390664278700696|0.21390641376435376|0.37949316299201385|0.18099540142918394|
54|-0.23331411484788625|-0.6990470877644384|-0.5396245403087655|-0.7242063792359685|0.04853652971501804|
188|0.312901160824534|-0.033336195999939006|-0.2813223558374744|-0.19948902515627592|0.18771764047274817|
52|1.3488867419037083|1.4565091309721956|1.697851545734036|1.316172673933945|1.8460966817990885|
178|-0.48007206305103434|-0.7122415336498992|-0.23201648190322768|-0.7077404242165977|-0.10445776799260247|
58|-0.4078288465043001|0.2908239071354307|-0.11055565234652408|-0.5402562937497345|-0.3364810475539684|
176|-0.013771660832805531|0.34825770700685865|-0.2892568126112756|0.19950309295808158|-0.12322974737965688|
56|0.4024405893603966|-0.23982065058174032|-0.09695674926135392|0.2385351096270124|-0.04855781234895498|
182|0.5833826823243237|0.3246996759273031|0.36612292328255075|0.4104412507081128|0.5337744642749728|
62|-0.1646480302050482|-0.06862771968417165|-0.14132561305361635|-0.5279214191054497|0.2963896060956036|
180|0.65513352452355|0.6127858654696667|0.5175576249762766|0.25715727147692313|0.47048716828962794|
60|-0.4578010471914782|0.07617530156961917|-0.1762157717478936|-0.22588109153070318|0.20435534518393583|
68|0.2671446972750073|0.0590416433589295|0.014907175327496|-0.08390057758174131|-0.5260417192255108|
70|0.5674509584972847|0.10212422405860747|-0.04403715377426616|-0.024878432627801147|0.39655168941625824|
64|0.5251881190618929|0.577752254921422|0.47898366438865075|0.23841502494974054|0.18318435851359463|
66|-0.18926093377967526|-0.2979584378031232|-0.13024038964550821|-0.33619743340536085|-0.19658267925453352|
76|0.3273622459492413|0.1837779479620173|0.05918468229543184|0.11554035080096563|0.3207233799227337|
196|0.377592012044061|0.5045011699664884|0.23874761226621907|0.6860474694448757|0.47138968754753463|
78|-0.5831641639185585|-0.38289376239140654|-0.23466189945561539|-0.35821153585351617|-0.37152634845347127|
198|-0.5461600645928111|-0.8026016408792077|-1.0781370582587442|-0.3016307964508869|-0.6006776906802651|
72|0.8484600556335397|0.07679255479285352|0.7183858181974403|0.055544460425821764|0.6400411254634941|
192|-0.15486776329843752|-0.18655774762277197|-0.03783102193626054|-0.3589766736146198|-0.0645770738714677|
74|0.43136950132272167|0.9611660403815989|0.16175809748796624|0.45735459975641696|0.6137420700455074|
194|-1.0262747240644743|-1.0376099187325853|-0.6678207029519702|-0.5337978765678777|-0.6402637665490234|
84|-0.33902976312398936|-0.5671868313618843|-0.06779858014668902|-0.26170062585347864|0.13023223317165783|
86|0.49325876415128717|0.4330073465626388|0.34358671842636646|0.476110183833031|0.37058622893732096|
80|-0.02835002788547854|0.3582608109277335|0.4053181201538417|0.6149191308199033|-0.28977996489928304|
82|0.31280687648122135|0.2829177694240698|-0.09785206001647807|0.44815019668836104|0.21446817451639125|
92|0.1416288210568791|-0.0679570339219356|0.39858616091494153|-0.18022218265860065|0.2438319501643092|
94|0.6331552983937045|0.4034932437794032|0.6807897932920685|0.2565666422347204|0.6731975012804216|
88|-0.07259384742461823|0.17848210500503683|-0.08177800409584955|0.421854998857613|0.31995520627460994|
90|-1.0560775353600522|-0.9533472640349258|-0.8194129012700297|-0.9467394064477894|-0.8636510594875773|
102|0.11878564891135741|-0.014545167175599704|0.1272521431082474|0.3420380463342429|-0.22143404493242103|
100|-0.1518796665266558|0.5360653150506928|-0.019355990575854326|0.404268255194074|0.16872652557901233|
98|-0.8746140985423717|-0.36608003177580395|-0.8293815783481515|-1.4135453911760842|-0.8078497205976368|
96|-0.49836999717451624|-0.3081548494376783|-0.710739873088027|-0.47384161525075563|-1.0822002710757999|
110|0.230869100254432|0.19535273002951759|0.06848883685764894|0.4922854775006139|0.44833773105178587|
108|-0.21845889408170208|-0.30089185004697055|-0.26503626700215366|-0.16246251315195248|0.23385474492514713|
106|0.1759761004645535|0.12551285482309607|0.4047204317111378|0.007042465587621252|-0.03097789045385426|
104|0.7191505242122298|-0.09089048462567628|-0.07251552265892246|0.05277993271618708|0.3605102910397492|
118|0.10336465160646786|-0.31287595996247003|0.33165125805013657|0.03726569069846403|-0.23807631427723758|
116|0.40726020236544636|0.2777774016687139|0.26078781959194025|0.29044731871544416|0.4592377163516559|
114|0.26794659945498206|0.4893926120415757|0.34460231535892655|-0.36989565314151185|-0.06112946223544887|
112|0.16035953356192498|0.13909117777578736|-0.17169652643669095|0.12194153090596603|0.45991801266508964|
126|-0.9585069825798674|-0.5900268501648511|-0.21597431833035774|-0.4562882452264774|-0.7623810578754447|
124|0.8602742246875745|0.6607915325039319|0.17484644490721232|0.27529612090462235|0.6057130498935196|
122|0.7699783150285087|0.48278359030836293|0.2984956028401567|0.4748831292622038|-0.11761207973876703|
120|-0.5199864310730257|-0.06607276304275755|0.3380043606162052|-0.21668597228041192|-0.3787202954221215|
