275|0.40782609349675997|-0.9034114977647129|1.2757733111531615|-1.409920351604444|-0.44099638502900257|
1|-1.249582287007922|1.2217290213954235|0.6290417856754098|-0.6567604366952746|1.5256919084605045|
273|1.220326206208398|-0.4521976194252267|-1.7166137247869466|-1.5712477958845639|0.6329177649596719|
3|-0.6901044451694717|0.8663471243389006|1.5227707992184518|-2.80126633551193|0.02387423107704735|
279|-1.1192159230262446|-0.42840707556292545|2.2743846033534414|-0.44077167082100854|-0.6694020195823949|
5|0.13366728150833485|-0.810233047231799|-0.7770970951858728|1.3927067659602828|-0.35264609880223086|
277|-0.8750504409752472|-0.10313677778519284|0.9195141691830828|0.34560745741205395|0.04255265081688636|
7|2.5387088431274574|1.1766342126353388|-0.932156903631535|-0.19803066077142056|-1.8715226875407567|
283|1.9860216874119152|1.0688483196665972|-1.1179139462684233|-0.19889551146481843|-1.8704989897555322|
9|1.1988248943665951|0.7886407577808998|0.5529877341034366|-2.0051042050981316|-0.45679138648614853|
281|-1.9665600021694747|-1.388678650893547|-0.3819240693983901|0.8367253551544679|2.744024007289471|
11|-0.1884177389020569|2.1198123026975937|-1.9190745736306232|2.037978144470567|-2.7603796295960583|
287|0.07581876779564897|0.1940809937483966|0.5320987809792829|0.0015374659097807941|-0.44803824687043103|
13|1.1147252072626441|1.3724416791405258|-1.98145120051337|1.523840100586202|-1.0966308343043731|
285|1.0286505538169828|0.21622341075355|-1.246056890862577|-1.0087200202285818|-0.06763921531079316|
15|1.6929649078041917|-1.4517033778102744|1.4011840500024337|-1.1399143991460305|-0.6450755113402559|
17|-0.20263012042131492|-1.0007550634642381|-2.1896433439790677|3.331164206797782|0.6422498076348948|
259|-0.039497756898385375|0.8707946011389498|0.34803185933410796|-2.099001512922872|0.24297728976452393|
19|0.5771654984668283|0.4572710514696615|-0.8718857094401856|-1.2076172800264804|1.4599070681716295|
257|0.7319836994936241|-4.4109762019711845|1.7153540575381012|-0.10195830533204067|1.5581159208430302|
21|0.07477028078603035|-0.38280536350448563|-0.10002545934446337|0.3603127640778075|-0.731232183277662|
263|0.23178573929531682|-2.001916578557894|-0.4409550265191149|-0.21962140948852135|1.9806627657662557|
23|-1.845294535142914|0.9212480670944466|-2.799091890932936|0.48239270740243007|2.5710427711689556|
261|-0.5454814559216442|-0.7315612861608205|-0.6887306926128727|1.6915842819790234|0.09850318099731827|
25|-0.8323184888564933|1.8252913889694644|-0.1917202915952159|0.9346675535491868|-2.8180235779372196|
267|-0.916660404224179|1.7753693284328074|1.6274879658227042|-1.6331744666192267|-1.174220642443241|
27|-1.6173420156134486|-0.4078321076307851|1.8761390678793346|0.7454497051655293|-0.3222639386493349|
265|1.1783535186174585|1.552819577146135|-3.2979987485254667|0.728703257776624|-0.08130534141782594|
29|0.8428161476525773|0.5876484878322464|-0.20686272387888305|0.1831780080970734|-1.5247410430937076|
271|0.8459276627172501|0.55468350627962|-0.4451527904441797|-2.162243514541123|0.9862007025474736|
31|1.435456005514498|-0.6572471453478823|-0.737010723275221|-0.9731533640580012|-0.09375592875708592|
269|0.3337183221271154|-1.4912010741064263|0.04281295527940918|2.3464974707398443|-1.893832203987875|
35|0.5950927259766973|1.1118697103057693|-0.37127675208325917|-1.5700235847555037|-0.13314988398616207|
33|-1.3627707817367778|0.029380954981293738|-0.040916593917959744|0.22786803089222188|1.1175812214798908|
39|0.6638193145400483|1.5829764848061723|-3.1875980369832395|0.9673458611444352|-0.25664462413141403|
37|0.8100540612016071|0.4721052647251828|-1.1178687139402212|-1.5390825467318705|0.13127329827897222|
43|-3.668157051542337|-1.047234962996472|3.822783104827476|1.2893366665741064|-0.5051820391679988|
41|2.3756113253236193|-1.262014621525683|2.104543757830199|0.015401895336773897|-2.642803402708407|
47|0.11923259831043327|-0.5225713017802058|-0.6969391825187821|1.2956924595593853|-0.35199615112130983|
45|0.7353459031647134|0.4333704144398986|0.8171468852579672|-1.2671608846829567|-0.7386882768601899|
51|-0.18658315933656483|-0.6291233069446809|0.8258333358221591|0.7908388020811887|-1.094663026477186|
289|-1.6041881731015832|-2.272656122718175|-2.3965534346154556|4.526782999557384|2.6890597604063275|
49|-1.1201240740134015|0.12924846462722359|-0.6950911675063808|-1.42160357728743|2.7843774180175482|
291|1.5087496431400602|-0.9328932673030421|-2.036191530396177|2.0262658774671003|-0.6692445744885105|
55|-1.0834837845602938|1.370030439596748|-0.5017395873172128|-0.2662944594842078|0.06648408198903118|
293|-0.42134448413422837|-2.345903827499395|0.2594746590987287|0.7974050258761631|2.038325193183536|
53|-1.9016342792259944|0.48318051014989|0.03931402359266805|1.3909480175350246|0.6855565949952805|
295|0.9512653093669338|-0.50347967232068|-0.07282527666558747|0.5240777338314759|-1.6207535636061308|
59|-1.5305816313578502|0.254961741227205|0.2699265980721277|0.1773479462990809|0.013987389856588725|
297|0.8171479322358337|-0.0711270966523312|-1.132476943969367|1.716024156618835|-1.9702039976894223|
57|0.6155043621028984|0.8801189134860091|-1.1554530801405778|-2.674770589355193|1.5674382005046097|
299|-0.09205651140280463|0.4144367909296351|1.3222960143488456|-0.9983311611705452|-0.8805100471431899|
63|1.1204815417648974|0.9204137413289993|0.3990174397914568|-1.3972826798828666|-0.22278549191198588|
61|-0.19626931215343477|-1.6844450639554878|-0.785332883377945|-0.34260280481848643|2.0154057925001485|
69|1.2377693069541318|0.6232817488791941|-0.522416381771888|-0.5047737312062283|-1.4203908581063767|
71|0.7659678136960507|-1.2538632464011903|-0.011736130365445064|0.714995343645602|-0.21440103112458422|
65|0.39041737502975293|-1.5073799829558572|-0.5939294363429052|-1.6387762407538236|1.9581887565538938|
67|-0.6935306586293605|0.31359818424693026|-0.07567225847245519|1.821518172327165|0.25879507266377005|
77|-1.273363010008046|0.7787891922048525|-0.28142325122371914|0.0618811958963879|-0.2034235318815191|
79|-0.08291274986371372|-0.06301790719514562|0.04530093449466915|0.3848723117805017|0.33790860459389643|
73|0.4462726042792078|-2.0562365646022496|0.09367125667972122|0.530744555321984|1.0106029865085855|
75|0.07139381252437597|-1.323915620298633|-0.0685048161326974|2.5156342181978486|-0.7562385015786607|
85|-0.5053094638439702|-0.26057111484060097|-0.35685411809155865|0.01871778454044581|0.9977071153048187|
87|-0.20316073935606685|-0.9557090694296995|-0.8934005328365985|2.5164758860804057|-0.20587477369191065|
81|-0.989786110323721|0.9663663359304637|0.003256444393010636|-0.9055631472831306|0.1484887296216411|
83|0.4795164683510822|-0.02397520227813743|0.7189501290743202|0.5414447947981306|-1.3605991830824817|
93|0.20621788938435653|1.2045426131104169|-0.6689808510124906|-1.3847435980659621|1.2663841374396132|
95|1.9921031433929235|-0.21011992848842895|-1.4315641758099875|1.212615934308665|-1.6175504126782427|
89|0.3191335845366308|-1.1136278710371703|-0.7448305541146645|0.6100625562541395|0.03593923981229452|
91|0.42557575796117975|0.002661337618971579|0.024450049776628315|0.6687341527248777|-0.8983839772369722|
103|-2.647295136137871|0.37140085350379726|-0.1606053133156712|3.322653831214887|-0.5978445055361181|
101|-1.9756262916328442|-0.7084467106256257|0.32118773555383695|-0.8521960214935341|1.7864711883481041|
99|-0.30582469390552847|-1.6612399666298625|2.3671285497397676|1.040312933652484|-0.22262591947875007|
97|-3.732143483491188|1.784551159229748|2.4488651854781653|-0.9555547336723149|-0.22092847821407197|
111|0.8489221049223925|-0.24792873441332888|0.34600451730337217|0.5092429449178532|-1.918041279677832|
109|-1.4333038139538798|0.767727986855975|0.3709992048876274|0.38958629271301404|-1.246647692638672|
107|-1.2272085677441131|1.3738049205427256|-1.188575288275437|-0.18684045874067026|0.717971467546384|
105|0.90867576770191|1.0916340904663042|-1.1396582011665277|-0.7139409100844516|0.20381651002626028|
119|0.0014803131625891403|-0.31986056302516713|-0.366142859268071|2.2553146518117986|-0.7459394231803255|
117|-2.1764447492109116|2.077370121951691|-0.5784096097875274|-0.7083329110464328|1.3066846236140635|
115|0.19214270212486703|-2.307828455290509|-1.4076891297972078|1.7701850721198127|3.069490670267203|
113|0.03426064445916061|-0.6631909186738786|0.15490382418313411|1.2818115640153351|-1.8362426805202188|
127|2.4347999404665734|-2.704787369050694|1.6305162976251064|-1.6787647857017791|-0.09371600690694232|
125|2.2832089794612185|-1.5674217127360834|1.2043036334733606|-2.2129255020516|0.019819375985833977|
123|1.6550710366381896|-0.7160581970173008|0.44431079074545643|2.134988609945157|-3.0785571773609655|
121|0.01911580928828884|0.3327712470207756|-2.161986064505879|2.843491329713436|-1.0105682970742051|
137|0.8304183166938928|-0.7010662347923439|-1.7222397273810124|-1.7000521281431007|2.0107805674269157|
139|-2.197865862177425|1.4273935678972496|-0.8145965068567824|0.8818313034462812|0.34440686041184493|
141|1.1864215873033477|0.8663082550680192|-1.1481479309500429|0.9926758350913614|-2.3048825788620912|
143|0.9088319770141838|-0.11702963048877293|-1.7388227483844858|0.2013192470422541|0.7795977371261178|
129|2.174896283992159|0.11321630859854516|-0.5152145086982384|-1.3765979830662782|-1.3869040158052217|
131|-0.9925052669376245|2.33328980645586|-0.6947119776660927|-1.0759869230986407|0.1887429535879943|
133|0.9363769717950913|0.8451718363695042|-1.1494900766326623|-0.8440248976001137|-0.379924218003741|
135|-1.7675390028507332|2.3855515340457627|0.7059587514355103|-0.6534986425132707|0.6968464603128256|
153|-2.3065652653008897|0.5028460502301477|2.899749209359602|-1.2874416195423253|1.253899021767185|
155|0.5010801406373395|-0.9632036254054522|1.066672158819216|0.37912762109554543|-0.7479897434844391|
157|-1.7425835313555127|-0.8077304725273204|0.40246481436337733|-0.3079967635902797|3.2094036601603158|
159|-0.4696319494090673|2.066045913401951|0.3905561895446901|1.3895028902136528|-0.21606876832351077|
145|2.683029063763789|1.8104192318223966|-1.7590894574870168|-1.1128127706496473|-2.3737345335532583|
147|-0.3699618360754503|-0.9247632739277283|1.1063147321423503|0.0774093771906708|0.6273889754007105|
149|4.257653376520668|-2.242970047931977|-2.425590164938774|0.17525803174709695|-0.9247718933430713|
151|1.7032992460987757|-2.2960558195751366|1.7356126288087355|-0.7675263432559855|0.1819614361724709|
171|2.1348751759663624|-0.6994956487269021|0.8389853520746572|-0.5261435538243527|-1.2620100093989854|
169|-1.6590160945974044|-1.420913124484257|-0.06448790932448512|1.5757545250002332|1.3990358415198125|
175|0.7632624446637524|-0.4402073365304047|-3.4624520515138326|1.8489753898678423|1.950886681090046|
173|-2.068401265954185|1.4840737297111908|0.041354795524906174|-0.08719891774997864|-1.2045593698576882|
163|0.9125722055215418|1.2004529317222814|-0.8942530397236884|0.49699464637790025|-0.7262584985528625|
161|-1.5008830849256773|-1.5315039153098868|-0.622426065911462|4.196326755719373|-0.48527690299011567|
167|1.4490490771277111|-1.4146963263261731|-0.00901181224355106|-0.7706169612003181|0.9190984412267605|
165|-0.07043076540664657|-0.8910921410039649|-0.14641793382557167|-0.02599131811064374|1.013889102013498|
187|-1.072971170790534|-0.5846050087630691|-1.2571386479994222|1.3780354464920004|1.7071691882365578|
185|2.2910922070107764|-0.28915446302711745|-0.1841720680807845|-1.168056252131215|-1.5358806318862162|
191|0.4349908539430106|2.4880643129878686|-0.6403429319233936|-1.1342505106308876|-1.639931336646628|
189|1.0885444049396091|0.22278585615124286|-0.6483520526797314|-0.6209748137211694|0.6009097405370138|
179|0.16539579582267966|2.338056852642604|-1.2587528890554907|0.44328730751439566|-1.6318781131106788|
177|1.0459788060013826|1.1883725920268349|0.04958343633213289|-2.1045617774861456|0.027612039020941136|
183|-1.0062787646298779|0.6343071247518929|-0.7218783232362201|0.6545877712177175|0.6718999538033698|
181|-2.1543522888997644|3.115541707683033|-1.7109685402114951|-0.149498486786412|0.6220259762563402|
205|0.2914220157266106|0.5012027037004118|0.49759328243795203|0.23662922676324846|-0.1890965101914697|
207|1.8972329494106162|-0.2297735334155467|0.10364373866111574|-1.6738233655773112|-0.04772074006987979|
201|-1.6441186061789381|0.14375360239706117|0.4045372303348563|0.7308297707620085|0.20106641860688648|
203|-1.7193336691489594|-2.1506578930800244|0.48851695444791876|1.5585013799108551|2.0669170556985677|
197|-2.1864626564343372|-1.5525992066056844|2.6470468239230525|0.5936769416463485|1.109742994472573|
199|-0.7531438524154858|0.1559578030668285|-0.722942753359772|0.1609040772761542|0.28496813949105576|
193|0.7303465706654654|0.07831105836520777|-0.5429467290022789|-1.441031983454376|0.5848262442824185|
195|1.6256562835601318|0.9925663227366839|-4.8002695646427895|0.9833900662073645|2.653741227392892|
221|1.1719356549524333|0.5197224027286872|-1.5057718660359856|0.3875866505121604|-0.48730676135315726|
223|1.6102134135703496|0.07308547847642813|-0.4646228053765775|1.9473107085294277|-2.808801643204121|
217|0.7700321537504062|0.7140977244631606|-2.285003286207632|1.7856763630973786|-0.43911482146302183|
219|-0.4854468553568151|0.464581629026154|0.1653534375172211|-1.1318259883843798|0.601041439024051|
213|0.20339585559379988|0.05636229200938359|-0.04307445730641656|-1.0573410532539451|1.6862155221463944|
215|1.1301197716238247|2.3168418010857934|-1.6685296241650125|-0.6186897583840402|-1.5360168550626772|
209|-1.5107314167177746|-1.168029743307463|1.7603799471653154|-0.8407266338712446|0.7700574628422767|
211|-1.0478739024343928|-1.8379135519917436|1.6664290802173198|-0.6508181352142408|1.7244608679574376|
239|-1.161758036729174|2.1473373274669276|0.18794089132686131|-0.07851710041615345|-0.5110668558458966|
237|-0.6635798765405245|-1.0182829993563414|-0.19394913225828336|1.6703383253809925|-0.2450432821294862|
235|-1.7379300367301527|-1.2827509850794003|0.8605374191156768|-1.3362497238454156|2.586760565629555|
233|1.1850610601726752|-1.7299146838211352|0.7761858497709174|-0.37012341199490356|0.20470504871858006|
231|2.1674338994663476|-0.3870193107440797|-0.4277730068861219|-1.238023839982109|-0.6934179775987297|
229|1.908137736821665|-1.399022280873278|0.6059324418097574|-1.7687848735234473|1.0353869135664937|
227|0.0496418612732596|0.858688134215545|1.4999072717529474|-0.0766190853634536|-2.30661068456121|
225|1.5897296077100913|-0.6418602180396209|2.0186337998859094|-0.957183576518334|-2.0660073785896476|
255|-3.197356922319157|2.612103319919364|-2.8233211291103775|3.14172694647872|0.7776733931314315|
253|-0.24057642065128076|-0.9167576046916158|1.4823349653679208|-0.36066237687971275|0.6352647183258257|
251|-2.2336715610452225|-0.14335118563305607|1.3383222144550915|0.48155241104566604|-0.04349473724254416|
249|0.5499428108209352|0.957634040515988|-0.7959492077533905|1.674075799570154|-2.145475343634379|
247|1.00044248239776|0.17475353642243033|-1.4209882923015966|-1.7836430388174331|1.3282986256327183|
245|-0.6994513476012544|-0.7230768995873476|-0.8729603077627175|1.694848250066316|0.5593390539261647|
243|-1.059030404733696|-0.0975297813310396|1.009207614412284|-0.33740261250624565|1.321716166355906|
241|1.8943102633428504|-1.6893094927822803|0.5985154623628358|-1.7518466893648033|0.7672374561808059|
