0|1.7512480867659976|-0.34894408865543325|0.007215300259498279|-0.32767963203136047|-1.1656344562775633|
274|0.6184502989556746|1.6103677821162699|0.6857951938089342|0.16194261209782482|-2.7483353167954467|
2|-1.288802556623865|-0.879589112586597|0.9450301010136802|-0.4923089826801453|2.24027338645344|
272|1.0283065830226497|-2.753752137025292|1.4242561089428232|-0.5767788168185524|0.20315050770060933|
4|0.01093211737290048|1.3101609538617085|-0.04418026605692681|-1.3316291987923063|1.17729680331195|
278|-0.9866678166424322|-0.83641678790807|1.1517757820871746|0.3352701621174772|0.5459694224777674|
6|1.741839611338431|-2.4675643201388358|-0.0342048834788773|-0.8062223897840027|1.6050447236637333|
276|-1.0819963631154317|-1.1466181910043738|0.30847559726328905|0.30692827627201574|1.6870650880577578|
8|-0.20712183390239783|1.3069507188572984|0.4666948480532479|-1.2069298204671401|-0.447545572005614|
282|0.45150071066121183|-1.1104133364775057|0.2397576233618181|0.43361545565686727|0.41391279228427|
10|1.511133845631249|-1.5255938829482119|1.7427097119221369|-0.7303390750528181|-0.1466979655198281|
280|0.3682353991210409|2.844489841176112|-0.47982655196758645|-3.009317606529894|-0.503564980916618|
12|-2.181071453160844|-1.6630378626418643|0.21440816760851558|1.3237929724030322|2.2746695608384853|
286|-0.35567717516504854|0.7204813430391172|-0.89211679051491|0.2158565496889351|-0.487200943654984|
14|0.6141784124629192|0.18271633931964806|-0.7968260349046085|-0.20531763980680842|-0.6882567866630973|
284|-3.2199136519481555|0.7522218604263653|1.2181995092623912|-0.17669326354242704|1.6088044303866484|
258|-0.891610653212534|0.3789348719275554|-0.2946761830756202|-0.4203594389663131|0.8450731688187593|
16|1.3500465383069757|-0.894591670526961|-1.0877778298371312|-0.9800903274652777|1.9886450107574825|
256|0.7556413854355607|1.4374793670496786|-1.4128230723380064|0.5213334161829822|-0.44921083885312263|
18|0.22614840267740238|-1.322405421027016|1.582719965499945|0.15611713254438542|0.1356850344904176|
262|1.4820841399449072|-0.32424411445886375|0.8510582409853912|-1.6715788523441717|-0.5032839181276716|
20|0.29983466448356694|2.623620035027598|-1.2931691115672408|-0.3306781287517548|-1.9122250776426968|
260|-0.9505242728464678|1.6000595279074183|-1.5071013295335807|0.6284435609492981|-0.4569445776759978|
22|-1.8244079614594113|-2.5716930055512077|2.9455505916494498|0.37259393563207843|0.8444183036148748|
266|-0.7375440648936984|1.390961813279349|1.1858296970469284|-0.6928777627382416|-1.8359112207340456|
24|-0.26537767243273575|2.5991520082755506|-1.4335577257040848|1.2371105679913934|-2.1274097811999098|
264|-0.7167685785864697|0.6783380346046344|2.191090788013172|-0.9630268668209693|-1.1767358705790376|
26|1.1880063377380965|-0.5987840007823436|2.9006552357781783|-2.0661487085969372|-0.9819468807944226|
270|0.23763086384869567|-0.38064725280747796|-1.8758773094934518|0.9894481651966366|-0.37516117134545224|
28|-0.03738238650113061|0.3185451835338704|-0.9099485819852616|-2.5750605842211303|2.5816519900576522|
268|-0.34263024203793774|-0.6220455106486792|0.70511474724862|0.761087852592375|-1.433233642380363|
30|0.3606291367803725|-0.33791008754855506|0.17960432683731992|0.9277209986266293|-1.6068279206855953|
34|-1.6694914980257287|1.2304258570324083|-0.38855814345190953|0.4143506057971515|-0.019810618661857262|
32|2.398281821997047|1.2701371341179277|-0.2223539055370876|-0.31723517275687285|-2.386744842914367|
38|2.2419864039681077|-0.9168318383250448|-0.03186780163725931|0.4098336879440255|-0.11673882777626512|
36|1.0849127100903568|-0.08753356698175407|0.08230884472940173|-1.857593071892668|0.1703790104675021|
42|1.0923545968252764|0.25955896271621914|-1.1955994326444275|-1.9255723021446898|1.4568256172130192|
40|-1.1851895420796954|1.3027025398297183|-1.6126717066156644|1.8509471673638875|0.03727109695276903|
46|0.8283276865907979|-1.3564266508170806|2.071951388452812|-1.6465650714904925|0.37938700675292164|
44|0.14006142559032683|-0.9700575337653002|2.448838629299363|-0.2974930116627508|-0.3428850043529152|
288|-0.886124480546473|2.38389068061115|-0.6416632772551831|2.085096961269341|-0.5288431894363954|
50|2.446837120363244|1.0301782405832005|0.0048151941786937534|-1.8772094590872428|-1.6361594420094625|
290|-0.3303285104701839|-0.25982733977020916|0.5861540322622008|1.9089312325968002|-1.6940014299946606|
48|-0.5550658956376139|2.020976803189451|-0.07660226376368187|1.5455095673852544|-2.9092768644308005|
292|0.966083613806278|0.5863965803791288|-1.8715790932744825|0.804823151947659|-0.9182346063483088|
54|0.05656344004031442|1.8574919665460352|1.4275768533357784|0.377020975076759|-2.1520619083682866|
294|-2.0125670258423614|0.7025549644654884|2.8980698154781246|-1.196627484535145|-1.2127914186517714|
52|-0.045943855122000145|3.5473614929840855|-1.7378678050478429|0.04528011776003536|-0.8972012079643085|
296|-1.4770243802830876|-0.9608316836650199|1.319663982730231|-0.5774287348979105|1.310212939614747|
58|-0.6426262640631725|0.9583526999787432|-0.35428570808046767|0.5403270746060324|-0.8455646067786263|
298|-0.16668320875737214|1.3278087308864424|-0.4976849425335237|-0.34603896395032957|-1.3636724933818742|
56|-2.222717133408911|0.55918058060372|-0.6103794450777722|-1.6536348597158812|2.354362468424687|
62|-0.5399738403919505|0.9987609600309768|-2.216489773737952|0.09908847184455227|0.5209136462810873|
60|-3.121306042305525|-1.2560093847083755|-0.3057597500799346|3.6160774300341414|0.1770353945930446|
68|-0.6564102777512011|0.5003249620783515|0.2423556333523829|1.6870725381642517|-1.1652906344568146|
70|0.7533818309662477|-0.45619460316497434|-0.7441381724739228|0.7398141004554956|0.9861143370182534|
64|-0.9902221010814336|2.645103818620388|-2.8163615815033887|-0.22312945444013785|1.2653567060974238|
66|-1.1589761825329343|-0.09082113419960405|0.26386105699387674|-0.444702783237356|2.2568745707014686|
76|-1.2818163318595233|-0.002797510490363153|-1.911993613557534|0.19762331577958087|2.064286738409597|
78|-0.2794780008841215|-2.1832929977392075|1.7433609593334976|0.7116022329569064|0.6314459481180974|
72|-0.4307642715615436|-0.5901802980967294|1.9216640835852818|-0.2669155681843676|0.36875322971196217|
74|-1.7053185173967877|0.2312853166257077|0.7424707615893203|0.4926854637534127|0.8982943719182405|
84|2.5092354334814306|-1.4076228549665482|-1.0871055809598071|-0.17219579452884456|0.7018690230695088|
86|-1.5704779491505056|1.8024135084637483|-0.6647381158006579|2.0734482081401744|-1.1879375812408368|
80|-0.8125343517224958|-0.4106601656875499|0.9244377728290211|0.20853131941384911|0.12331091794485147|
82|-0.17525898806937382|0.5846036573844253|-0.19300963479792518|-1.112910789401207|-0.04640407600639442|
92|-1.08879955965129|0.6147301126148625|0.4315686912485333|-0.7505257438229117|0.7847545785898857|
94|-1.5909895893458124|2.49536750553355|-1.8742395984276727|-1.196919546094423|1.1968574982565476|
88|1.0993618975785835|-2.871099660000361|1.2120268309202287|1.0771327034583342|-1.1622901211898091|
90|-0.479475637932257|1.1628746582988985|-1.8422717199589866|1.4122590442092309|-0.782410921179684|
102|0.49533323100791077|-1.2880348183989447|-0.7002810025643496|0.7002447144114566|0.010475976244424777|
100|0.9969469955770691|-2.1920608837656816|0.18232383820970877|-0.3556720644442742|0.8199225710040449|
98|2.179201202495177|-1.2038271525422528|1.4884420098505133|-1.9174889491272784|-0.21212080657258073|
96|2.340077423724149|-0.5871718807928945|-2.4433783453529556|-0.17032770072864048|1.5415640303611204|
110|-3.3477284775586793|-0.9459176491524669|2.3206689238823035|0.5986265718264288|0.05986430715019787|
108|1.1670229422358525|-0.6435484320881085|-0.07943991671226833|0.6117678094361964|-1.0319292160254578|
106|-4.234616601231888|1.293063715284389|0.7475086621519028|0.43514843809932013|2.9963002137461348|
104|-0.7635672870936312|-0.3574911688112721|0.8627591594765625|0.7051393969964593|-1.785453743563071|
118|-1.0651452123003913|0.5604749697727444|-1.3029082451103267|-0.43542570501878686|2.055886063357588|
116|2.5054781577687515|-2.3533470191326242|-1.4813806632402504|0.1408189479034607|1.5784687611101105|
114|-0.4019448348790852|1.8329745566744768|-1.372194308363785|0.5353660925699354|-1.4112794882385058|
112|-0.4620711593735326|-0.5190341822605805|0.4791022681825131|-2.0912153649870473|0.807308239940959|
126|-1.9426365074349432|0.8843168948216731|1.0623556771063285|-0.9716754251067662|0.43589918346178513|
124|-0.14804693983978584|1.2730219384471093|1.0833978994408007|-1.282089460552735|-0.28341528135106375|
122|0.2056552288643909|1.2029182373472795|-1.6646482782913432|1.4094506118601309|-1.3409988046802896|
120|-1.6929422378620405|-0.380452551455356|0.05589840949641393|1.3059479351837298|0.050792499221285016|
136|-0.38599527712558473|-0.6057007480391648|0.8181583242623885|-1.0842579171656614|0.8022748247313876|
138|0.35648121058259247|-1.5985620546947337|0.2733990084611812|-1.046813119690797|2.0661945692337578|
140|-0.032779078746027854|1.3816183683110148|-2.8909271751108276|3.17266675403142E-4|1.4186032315952262|
142|0.5533792382918303|0.5482825747670065|3.170453952618626|-2.452551698752757|-2.038325684088276|
128|-1.1733208856427366|2.777457824210453|-0.5550254757302086|-1.1479385623469645|0.8223104983848254|
130|0.6110194746883769|1.6045986841219508|-1.0396898057025907|-1.2057121482845128|-0.20742248819257084|
132|-1.014329968688664|2.2391276212612117|0.20107905234525636|-1.9978632847589468|0.1161758903125581|
134|-1.8919455896536992|2.0936248919756104|-1.9291064503447448|-1.3154327042960945|3.5253972021884534|
152|2.056836490117244|-2.51429348852988|1.057197780447917|-1.0733461677085374|1.1254322444130036|
154|0.03244443527458695|1.514590980945886|-2.0617882746242464|0.05960487800576166|-0.19073466180357646|
156|-0.29404783943002216|-1.6722077882361481|0.9222582434871894|0.11932134364700699|1.7476867630992348|
158|0.7292815254094653|-1.0748622000918606|0.46202247346466024|-0.20353366313067847|-0.1538878984302924|
144|0.3095215606178677|1.0563774525079004|-0.8268223735918037|-1.6676341931432896|0.7494399624670275|
146|-0.30475088168010933|-2.4890332600542666|2.0401048573900504|0.7305407554660126|0.6584544683583026|
148|-3.8217938644622174|0.12349967912943476|0.1520885796996952|1.6305336143101021|0.5256716846603284|
150|1.3734680743840848|-1.0466829411418157|0.5971252313656771|-0.03147922372098519|-0.9030028275043673|
170|2.011347226169299|-0.13540980486814336|-0.6373432929039344|-1.742159329618632|1.1270837213705305|
168|0.3761274140183192|-0.28358799041169147|-0.3557511715479216|0.7658918038580638|0.21956559617535|
174|1.125323576658217|0.4697324876872926|-0.3076645981896315|0.6149526232047439|-1.8210220826593764|
172|0.019597142043074108|-0.29554796405863076|-1.5387837491646739|2.1787634454354663|-0.3755709796932755|
162|-0.4926924558561901|-1.7823999327923403|-1.7866894210056756|1.0751354221746587|2.5243396708233186|
160|2.12346051996771|1.091424978699937|-0.9268991185428151|-1.9021379715559767|0.39729307093117094|
166|1.5706514538457041|-1.6590825883921738|1.0303379991859507|0.23485981745489376|-1.6589175394760192|
164|1.6480592669508527|1.305402354865217|-2.0984719679805015|0.18396530524048002|-1.300723029152149|
186|0.39165651514894645|-0.5559566642334182|1.0389320470900922|-2.643210866603674|1.353036185371984|
184|-0.4386066384309435|0.006987285415036337|1.6536206029407137|1.1474131506355763|-2.458882364327782|
190|-2.9922059942907726|0.9966102573600151|-0.3985841905083255|0.4585283146208755|1.2725015689650243|
188|1.6252821321570736|0.028686967298658272|-0.5361476701762536|-1.4070993672531806|-0.19455271610483765|
178|0.6446181484217534|1.1082220175447834|-0.2304824338552844|-0.8330344020134922|-1.3541933176602077|
176|1.574531948210202|-1.2564713231441418|1.6686195894957176|-0.9094014196816259|-1.523951475793731|
182|-0.09453216414856368|-0.0908544616429884|-1.1891395178161674|0.030709112209097767|1.8184053497603134|
180|1.3815566598961981|-0.666440208921039|3.513682099805344|-3.8934107687092574|0.3361785536500222|
204|0.11057638140534148|-0.23647799640193706|-0.2215654327854711|1.5001939597175147|-0.4843195735197078|
206|-2.008665618852874|2.485733228135115|-1.5604663819502707|0.06281417829277805|0.9839199224940238|
200|0.14195134213461777|1.1434539494002147|-0.6507058663815024|1.5739820717103048|-1.5951309415210853|
202|1.0222730076662094|0.09094756300381884|1.8441431066512282|-0.8256745687720753|-0.474356088606449|
196|-0.02562153521107566|0.2781833731907592|-0.9414193727227722|0.32331713926316|-0.5016875819571354|
198|-0.34517204921587963|-1.52545155692956|0.6785614544046572|1.3276974668514556|0.5942364184047477|
192|-1.712393810012386|2.1332424461946493|-3.3366125061814103|-0.07688786698460816|1.4177994939511154|
194|-0.050526270823013565|-0.09380184527950847|0.44236058785369914|-0.4595405945839561|-0.2660173090369199|
220|0.028315434713163515|-1.6791032474038237|1.725155908733626|-0.10088269987103358|0.2718022451762834|
222|-1.0727142691595197|-1.9300847707783222|1.084311035377308|2.338441931021663|-0.5298238820373509|
216|-1.3845341337521935|1.2129333792462007|-1.0279940632467834|-0.17326352576232545|0.1569041259090745|
218|0.39659718131129024|1.1469087444273103|-0.9839523342959037|2.0094051392301355|-1.3515592617174224|
212|1.5296048698432785|-0.11404528176579715|-1.335550949110248|-0.9416445837795063|0.19682381107078306|
214|-1.2220696272456542|-0.7382077205370317|-1.0379660398655988|1.7541101636664074|1.354447159319609|
208|-0.12486842621051873|0.30111589027688507|1.2562087546207705|-1.748663925180971|0.8834380951747725|
210|-0.7886516397281231|0.0993116361767368|-1.071666040006588|2.6113194778809916|-0.25554865649771974|
238|-1.1648745824627147|1.5182085277983919|-0.1988507135376278|0.8352948413659982|-1.1365381912217458|
236|-1.6896066377245182|-0.029661673582271324|-0.04212189881142572|4.266358399519216|-1.8702459762402122|
234|-0.49198396926117793|0.39948861456749946|0.46908999483733294|0.2977209409074093|-0.600983755495394|
232|0.0932746154551832|1.5137053056310712|-2.200303848442111|0.827837144405208|-1.0925554139298115|
230|0.002382303062207572|-4.582992856170274|0.36451896713256|2.8292300331915863|0.42632695974462503|
228|-0.8749258248897531|0.5352079824525873|-0.7423043584518928|1.7145863632859148|-0.5818269692897784|
226|-1.6486734147444337|-0.8508422641288389|-0.9586885987592191|0.4374815080591418|2.5215364612805824|
224|-2.4954032198176934|0.27552215490769477|-0.6808914123593313|-0.7938459595333982|1.8199529519725697|
254|-1.3685152222002979|-0.9655895853528457|-1.863634334809816|2.6802482601059068|0.4104970722733559|
252|1.9328787503533698|0.6875735639906507|-2.3586216263146427|-1.900685834350656|0.37511191744792577|
250|1.6021182162611272|-0.9939051811626193|2.843391787231318|-3.0931128347499737|0.5426289137651217|
248|-0.7830670667816436|1.8772221409954346|-1.4219410803713999|-1.1584558501206685|1.1450822708411603|
246|-0.3443568585727935|-0.26549016626993294|-1.0764077427106893|-0.3346996538894844|1.247751634979225|
244|1.573552523471542|-1.3033233678052356|1.446419137259977|-1.3924623409273524|-0.4643268533528374|
242|1.5690640108773712|0.03154788153760521|0.37141763706697073|-0.1859745775106274|-1.497777065191235|
240|0.5364841089937139|-1.0212661415069808|-2.0587180859629344|0.6127552094735363|2.1273362876570863|
