0|-0.07351747242957918|2.4568244079867623|-1.2903677315046878|0.11919917423012441|-0.8117963948493514|
1|1.8106518209726954|-1.2593827532764061|-0.7770241696274857|1.0163114350456823|0.9380195706439611|
2|1.5835083493170818|-1.9894410174991597|-0.5473106097671426|0.22845714283104704|0.8116511531419226|
3|-1.084454738614865|-0.6777514428547448|-0.2654776016534888|2.026836081549778|-0.8660018126365041|
4|0.7100157751848434|-0.6781088110931403|-1.2954556932781196|0.6733945741510301|1.9670841601972395|
5|-0.0938716369077429|-0.7197945083987584|1.5192775135745593|-1.4085211154067676|-0.13973325762974084|
6|-1.30164580501017|-0.533807957644302|1.0900901485632954|-0.01038770643680035|0.5452999189197599|
7|-0.11903620220646002|-1.0247906800127724|-0.5803268820999646|-0.8195519780771378|3.8245863977657453|
8|0.26675516915293385|1.2359480127098272|-1.84424787031039|1.2008391739286703|-0.10685669400258413|
9|-0.9530105360918839|-0.1643679738269353|-1.0872356445431577|1.82461500667891|0.5312625669788602|
10|-1.2139857020281337|1.765574598501482|0.7883270343213639|0.5874179291700701|-0.9240107014394908|
11|-1.711242269126803|1.0878831249729324|1.6621212640357201|-2.392510712793635|0.9799522738739715|
12|2.215366790761929|-0.7198547061570807|-0.36017860749724284|-1.7095903779686925|0.10936460410368842|
13|-1.5508349317036454|-0.5293684015576319|2.3038138780874817|-1.4352609325246157|1.9502907505995102|
14|-1.0869351602786936|-1.6551581898644017|1.2531449866904667|-0.9148389423075989|1.366419572286604|
15|-1.1239737011294795|0.42486826612213924|-0.23856258702056726|2.219767465562838|-1.3715241783696157|
16|-2.0354035342750985|2.0030733450037324|-1.2106896208627216|1.1408449250704278|0.21227018372710357|
17|-1.257886837857915|1.9469245016798624|2.31189058122438|-1.2781796762523696|-1.8425026093260943|
18|0.6795727256176056|-1.407987422328423|0.8679283030267303|0.8790283572439306|-0.34381004323988845|
19|-1.1242415766932137|0.2606920024447762|-0.5911029969074453|0.03716808873539507|1.3933301570815302|
20|-0.26279159282721043|1.8707305113547483|-1.2711039241536015|-0.44605398525983175|0.6072258599080732|
21|0.12974863348385382|-0.9414514650207514|-0.7010092038187319|-0.76307850930205|1.978185974922677|
22|3.6575101637763026|-0.8206614509053789|-0.46098487985179715|-0.08511085753326732|-2.4478351063893427|
23|-1.0600928198820234|-1.0261515897797582|1.7416944875949867|-0.7100093898399018|-0.7166587333400924|
24|0.6369059964392846|0.9256261748481511|-0.29855083868306714|-1.4305150237750606|1.169086524732192|
25|-1.0248164166214149|3.945105061475086|-0.9218354641599091|-1.3491233131608749|-0.4814680487252828|
26|-1.2457667236625798|-2.2452440506733655|1.8236772710371718|2.6987583986351966|-1.346139577891599|
27|2.768127661677154|0.01009136143657967|-0.8968797164841804|-0.4535737157905612|-0.7500813315879534|
28|-0.9044744403317517|0.6428502252706704|-2.635532868105845|2.2508627733154998|-0.2385670201589127|
29|-0.37898843698349916|0.926060979535045|-0.026342772935083792|0.2676358093481339|-0.7584403366340593|
30|0.017298881844834104|1.984033057395085|-0.2616626077868654|-0.409067526123035|-1.055090762254962|
31|-1.028592894211571|1.2193177503218764|-1.3704150602849827|-0.32264553684719466|0.5405294670580462|
32|-1.020519386049874|0.460842859128072|1.5640628979100002|-0.4779127030465124|0.3546353478248241|
33|0.2928563152854507|-0.5284535286893896|0.4381075459946881|-0.2491540915075466|-0.284546928966036|
34|0.7941325581513448|-1.3028820013943416|0.3757999430963764|-0.7789604821388056|0.5631258016402336|
35|0.11888581179210743|0.4173055416816674|-2.31670635177179|0.6080247537005854|1.0042939589184368|
36|-0.3979091450902568|-0.033663631328709934|-1.7446891390448793|0.3772770443561882|1.2550101051774571|
37|-0.8570062485360576|2.7730051647910905|-2.6726774721491835|0.2836245070977162|-0.06276637765227554|
38|-1.5583571761547876|0.011944051250027466|2.1848179492595263|0.3144789787365455|0.5434165316864463|
39|-1.2511226905425579|0.7081636188099902|1.0540627281768777|-1.887207578570016|1.1807499950006581|
40|-0.9400733873672715|0.18288122609032137|2.0221118395168793|-1.249200180995896|0.0041588695616620085|
41|0.6484678548846617|0.4348428186632772|0.3259594935308333|0.08443630889818332|-1.322935809741322|
42|0.8702419556492051|-1.4206444796887558|-1.7397042828417522|-1.6612166568211693|3.8550547454412003|
43|0.08337858315835452|0.45896993076561676|2.07948433375554|1.1511210670268957|-4.178567790958676|
44|0.620655274885774|-1.986030891727947|1.3794595696734255|1.2168295039171753|-0.5716967738093411|
45|-0.2543527718775413|-1.3493038258283965|-0.3236283947292744|1.1148177885660149|1.0738923213497147|
46|0.8242978619749742|-1.0033371809002911|-1.4459585307835305|2.0558089083761577|-0.1435704763509743|
47|0.40937549599374945|0.31969879934521783|1.2351082010089562|-1.3286502683374035|-1.1187550797885888|
48|0.06683978968707822|-2.4285277774279477|2.501125489956072|0.917242256221274|-0.6516775123942875|
49|-0.8460231964125473|-0.6921378507296997|-0.7908886625097828|0.0030308694591554184|1.297001861500615|
50|0.5138599358299889|-2.5509576998895787|-0.6672854774251398|0.7120606876508137|1.403371593201595|
51|0.471657562299848|-0.15395352907256707|0.10916139371792848|-0.7827410502433151|-0.04399335401123582|
52|-1.2103655303232606|-0.9419636231954955|0.9047008547802806|-0.35319320443441077|2.4338370074238043|
53|2.3367494873315846|-1.1022918134283248|-0.13833660923387617|-0.45309351170829315|0.04227627121462509|
54|2.9748557245360554|0.056315680829877895|-0.8344974733558399|0.44974835277635394|-0.863929517585612|
55|0.9311376758223263|0.5518061372116203|-1.3882688156903058|-0.473149794560689|0.22500083308455468|
56|0.45366505690491343|-2.116294564304782|-1.538632784775543|0.6211124983985212|0.9635868131384315|
57|-1.7797948263833385|-0.15335510194377744|-1.909406034511743|2.6062900660585444|0.4880753570450206|
58|0.8668848417824784|0.15950720743847632|-0.3417993661913984|-1.0900298972245033|0.3668942684419968|
59|0.8829265102780239|-0.02949378097499467|-0.4102282271801893|0.13561120332953708|-1.4158040733434034|
60|1.938176519215453|-0.8494672942498936|1.6846063560251405|-2.1833303203680616|-1.7088772098762441|
61|0.16071843963650745|0.012346519247373384|-1.241861455379103|-0.021346456285359458|-0.3908611415706345|
62|-0.46473111572270287|0.7156363114447906|-0.5569428532515149|-0.8048771637666742|-0.0893841444535677|
63|-1.957176052773901|0.41841758363240344|-0.4469046477195233|2.267641615367314|0.4111821722168375|
64|-0.42874810859840234|-1.9327359297678588|0.4869271652657597|-0.5321114067639|1.5819897975362287|
65|-0.2269283740955209|-0.5414769131851656|-1.743113268541632|0.6561129364601131|-0.17312444653274112|
66|-0.6694382712261966|-0.49350274107147835|1.1627359584129644|1.2169082890893848|-0.5543375985062022|
67|3.16537371159114|-0.662923016384756|0.8556850858620458|-1.1432216548373146|-0.3610492430628308|
68|1.5098064934112068|-0.526761817719376|1.134942991522597|-1.7484163262390366|0.3080808210495445|
69|-0.9734646254734317|-0.26896909981827877|-0.29248565365149537|-0.16859616806993216|1.3527899087036994|
70|-1.4829084124275522|-1.1557329196911599|1.7927558473569911|0.4280209772900257|0.8331735650312457|
71|-0.1663986224233531|-0.6703672829182099|0.9467489120819833|-0.3811123350948657|0.05408411344905784|
72|0.5132411527607554|-1.3128663543303356|1.712235466725264|1.2113155117550336|-1.5908822440656345|
73|0.41731225476890543|1.3099065448897405|-0.7854411934026494|-0.4860262210938714|-0.9075971445193567|
74|-0.4630551930399531|-0.3139358775967119|1.3438378426745625|0.8267433545568565|-1.1562541403558313|
75|-1.1602868114039284|0.33494256166708064|3.0460074791691008|-1.3958176382069731|-0.6051067615286434|
76|-0.7701662421094847|2.4625812167594905|-1.166382370330273|-0.06283753493942656|-0.9445467139117963|
77|1.6247117705217897|0.49472162058174063|-0.7793482143327995|-0.8437000342703902|-1.0652695961859027|
78|0.7498297191422519|0.611984619682989|0.11589742057792195|0.6759839620531524|-1.424471823799726|
79|-0.11750733627109831|0.2756686276207114|0.13710224130683688|-0.040240285747613916|0.5815602315616536|
80|1.8993982397619944|-0.12034607826277019|-0.9068842459665079|-0.06910800958499828|-0.3507168948037429|
81|0.07737560570765487|1.861482210937169|-1.615436149640614|0.33687491127643454|-1.0248876056391203|
82|0.0199692805752802|2.3001885320589905|-2.778090294574551|-0.20438575235216125|0.4517170396626102|
83|-1.6753371620132855|1.7348078041455373|2.0369414765296394|0.15459925951960699|-1.8335806883520573|
84|-2.4483187749002004|0.625314103952321|1.1872216390466435|0.5953767297131222|0.14995359848111844|
85|-0.6048954657971185|-0.7632926152399847|1.5850296873519398|0.3709915895638982|-1.1909677497268383|
86|1.909227805658348|1.193755505776601|1.1415159559430883|-3.177139796581233|-0.4494722657443336|
87|-0.8951874062586005|-0.48878878865961295|2.6648664907946773|-1.8944474187600404|0.33401301658594235|
88|1.976109014495665|-0.9085507151388474|0.346424630466409|-1.5818056636320073|-0.5592939014052508|
89|0.5135200212217372|-0.040021356899466724|-0.9528157304395678|-1.4881164649094203|1.214953346611678|
90|0.20548233371249355|-0.3579345653132855|0.8458914014725595|-1.6082030580503681|0.242073256085789|
91|-0.21206060033220936|0.9048579950492283|0.2833306103254951|0.0052936396567254415|-0.5040654905404153|
92|1.3730373486199214|-0.2831669211316086|-1.2200624308726866|0.44691069663069977|-0.460807447177185|
93|-1.7869081248380692|-1.3528827191042758|0.5878757512595394|1.3565483951221347|1.1958981956340138|
94|-1.3560449314329333|-0.38465897461526083|0.5764996945643838|-0.36184349853534997|0.4234215617334811|
95|-1.3917204292853855|0.2291478493587898|1.5128740276806067|-1.354441573016406|0.8387675068424104|
96|-1.0481859638944842|-1.0515114515983643|0.8571021538432653|-1.5254084139428894|3.0798666866654285|
97|3.4158008850348596|0.0014027791356279907|-1.8799580169133816|0.8282614763392621|-2.660591406318501|
98|-0.843130405640111|0.014961752947710304|-1.105027957150407|2.5566702805465296|-0.26942986678538156|
99|0.8058638810243492|1.058427716719164|0.3721328259834854|1.3698122656988798|-2.4267177863588523|
100|0.007643426100322683|1.3262303064776226|-2.0496428953235024|-0.15360289200116875|0.49961991908784287|
101|1.600727797075468|0.3626424870992498|-2.4709216140977177|-0.606973124329235|-0.326774737584638|
102|0.16492675031312953|0.07993320918805893|0.3128785852163284|-1.0856834246170308|-0.323870284576871|
103|2.3335672446633695|-0.6874140398050473|1.8839539136778283|-2.65915698215029|-0.7830857381643171|
104|2.7056379272310314|0.9425841861515811|-1.5901763181702269|-1.9663096351822693|-0.4803691322559685|
105|-1.0157893966554359|0.8469200743376786|-0.4265796398036959|0.30460984335163904|0.9674382429864385|
106|3.2761490715445913|-0.3599346752611995|-0.2004382134692493|0.7930103217083129|-2.456829514739141|
107|0.7985017887496618|-0.5523637769290466|-0.8482345450487266|-0.8210995438725035|0.4536404613880429|
108|-0.563153458718026|0.9462451596253421|-0.1616865042847387|0.25795600634376387|-0.02950954123267455|
109|0.544173639742833|0.8499114392738233|-1.400043195572225|-0.425730553719085|-0.39201524621375095|
110|2.780881315524268|1.5650632348599554|-1.588611277290035|0.903650464558805|-4.5135201122080915|
111|-0.7355933689367367|2.4492270282508097|-0.4773229603209915|0.37410457374216843|-1.5387483353208018|
112|0.40205441544467313|0.11074768588600106|-2.878989964040123|1.3034286687680103|-0.35446927255440236|
113|0.42475450050316793|1.6592493571600764|-1.2224552944499743|-1.9586009193153304|0.7316152092370398|
114|1.0126295072235318|-1.3607186752367808|-0.9522901426866304|-1.0843140863479106|2.086745250394995|
115|-2.116123226474214|0.0016458028766204826|3.13731523090021|0.23824614406263617|-1.957101840084115|
116|-5.6858372792483225|3.0800287752550717|3.221976699521085|-0.7964910686542472|0.46009899170448565|
117|1.6767326543043457|-1.9913368349764453|-0.7196404900097381|-0.06724270672782379|1.2965965210924517|
118|0.4376222500058587|-0.34016708796748146|-1.5237836694592637|-1.1686936324630453|2.1837699183767447|
119|0.5115014617060527|0.525438253824358|1.5119846062518794|-1.2037628450741058|-0.639855810827004|
120|0.5251691465134943|-0.6396242809389497|1.067228364695265|-0.8112972393973957|-1.0531305348843325|
121|-1.7915753961719854|0.13489320082593093|3.8608492375994565|-1.505274997805684|-0.8869305603827843|
122|-1.1106861442788925|1.7827224847291798|0.9214760777070945|-1.7797464260819678|0.003896897338488555|
123|0.3583823231256875|1.934357868096909|2.405977755525982|-3.2632505793876367|-0.6824477534463146|
124|0.6745237092349899|-0.814998285758256|-0.9064216733051259|1.4917397198280231|0.4924196112413637|
125|-1.8691403193900094|-0.2358451870971539|-0.4100599645373989|3.2794889459991206|-1.2735510376086263|
126|1.7689369611089765|-1.2604805095125973|-1.6882773941454345|1.4227439989806068|-0.395134804553243|
127|-2.0862213651758275|0.4803937924056162|-0.45128224180510373|1.9539591958700757|-0.6543402025184274|
128|1.4749014199586448|-2.1534478069285883|-1.231673741992206|1.468716796133604|1.5338261063365726|
129|-0.8289553483456893|0.2921796337576886|-1.2588320680398237|-0.15702953037550152|1.5185461181416267|
130|-1.2686122387365872|0.2404850506327235|-0.36177735638255076|0.8399184518231972|0.2854520907214526|
131|0.7372056347168914|-0.7139154529217123|-1.7006896615820712|0.5284926259873429|0.8362379326611925|
132|0.3252571217225028|-1.421377771477337|-0.6143481898151548|1.2314782177163706|-0.03689185363438096|
133|0.25976357870247474|-1.37894059837366|-0.32101613161241044|-0.7546082802932096|1.3795599041084465|
134|-0.08812673176846629|-3.4532711773405462|1.2905659369274116|1.2784496526260347|0.8021126674940516|
135|0.9592182469229019|-1.894833306051913|1.091733141919042|2.1232973111020264|-0.7610842866623068|
136|-0.19447447512776453|-0.8897839527139223|-0.5172954392781051|0.9660850208414494|-0.03811019636942023|
137|-2.7952999174251674|-0.18913763871386183|0.7456229308371143|0.5345051669197614|0.10017519913255298|
138|0.025306400142408272|2.217698843740269|-2.3993683941562396|1.3746324056260542|-0.8802282465825362|
139|2.2593178306272885|0.8789377239565338|-1.6703438553891152|-1.7464981984168937|0.640742792903537|
140|-1.2056763794721685|1.1969979618068098|-0.18005066215846902|-1.3434821803821568|1.506328150663557|
141|0.2600893002182006|1.1040421783349477|-0.43666238896281456|-2.3022765808939405|1.77354134425351|
142|-1.0504438724752923|0.43105365868071555|-2.363053976214163|3.223317770792132|-0.13169096300941857|
143|-1.062716812339058|1.841100707678631|-1.5561823784589328|-0.4425814364814613|1.2890470731684762|
144|-0.7459446331950036|0.468215557821984|-1.8477617113591485|0.7908828194545883|1.0202995075319616|
145|-1.391718163179448|1.247977421677286|-0.7142874288664248|-1.3358582811660127|2.1979623978681175|
146|-0.1907818507898621|1.1252339582378383|1.0963580749029134|1.0810974332924175|-2.29118014541668|
147|1.2596186176450983|-1.0821167240497218|0.14491942362597926|0.5325060283804278|-0.41627004946775764|
148|1.8702830784103839|-0.7502253183867584|-0.24997613983964367|-1.5105682498481572|-0.9659837079048598|
149|-4.989229937971967|2.1484546532909836|0.4666979346783793|-0.7164969696306183|2.2271917564279673|
150|0.04343616415013942|-0.09655756936397457|0.5666445854821429|1.19333783102826|-1.1633192090448297|
151|-1.852058371105214|0.7117022947918062|0.8968652896894296|2.198869730909512|-1.6911105980150354|
152|-0.21955391476907432|0.3513876959092939|-0.9444150780462885|0.88623987418407|0.2823480621153917|
153|2.0984363967096393|-1.0039638311795231|-0.18793398202586456|2.3602780936767016|-2.223275079107101|
154|-0.3929037411070727|0.6713975845058889|-0.8817820073009766|-1.8253028367341175|1.8940394926702755|
155|0.25412297375773557|-0.04042014620499026|0.0728935200001134|0.5906320503199451|-0.7712618633903242|
156|-0.6750771462295982|-2.0368183320979223|2.9891568906826356|1.0947286643601777|-1.527416460052485|
157|1.5536159874178996|-2.1731070643170622|0.2938992799588029|1.2852557542397247|-1.0821494648793095|
158|-1.048205050584991|-0.7647847607731668|0.4157251059799105|0.15126721644764973|0.592500083543218|
159|1.5727761666635263|0.7047957034325388|1.8880307646331016|0.6167582187579431|-2.0121451120501868|
160|-2.0359979395025354|-0.08191571366809357|-0.49894708516319564|1.9371111212732401|1.5502480941216077|
161|1.4047499807158508|0.2564393557837283|2.531814500201657|-3.591808708853504|-0.8442281378060691|
162|0.01921536573692729|1.4064414649621246|0.3631692038363043|-0.25859365614903773|-1.9804892802905865|
163|1.5237170923139725|-1.082013587805774|0.03692630158949923|-1.4600038405027222|1.8951250462703468|
164|-1.2969140119160223|0.22515343592002057|0.13117064454587343|-0.894576749932733|1.747998773443424|
165|-0.5534993205998987|0.34849240610051335|0.038373518236244256|0.3723933226824926|-0.6129359964672539|
166|-0.22110656164417133|-2.0629340230794613|1.5693810267682353|-0.2417813658213315|-0.19326368959363477|
167|-0.8973748513539223|1.206386336274695|-0.8234512333940139|1.310081450231567|-0.5887796057652158|
168|0.09188268056296452|-0.9872467731301456|1.5269913086111582|-0.9144012938269344|0.7909014287183778|
169|0.9148458492453421|-0.5812562579866832|1.0011941190587974|-1.3030697672461276|-1.242238811172739|
170|-1.3702919836623073|0.5091128640780718|-1.0184555713186616|1.836801509846658|0.6877720635214248|
171|-0.3615060184929955|-1.3197545484927597|1.0014788632326466|0.5759104993810235|0.4710162026901461|
172|0.8146747839970685|0.8772647788258905|0.45187658682888876|-2.1683956063516034|0.3125170823550221|
173|0.7857752153880524|-0.02149961675121175|-0.40237934764696554|-0.505325764530312|-1.5550171584265677|
174|-0.5215130776033727|1.4766555186472006|0.2365565326823567|-0.3242671717998378|-0.2062912647536487|
175|-3.645932259460026|3.0496066097744494|2.1795027813237553|-2.1290885945726385|-0.3923003422335427|
176|0.33375048481439124|1.4971996718471376|-2.161927558130752|0.6329442049027547|-0.4418232771675001|
177|-0.6758980434488946|-0.7955145752319249|-1.0051981912151282|1.0010431114094946|1.7384345070160694|
178|-1.8070535508113854|0.5698648390802199|0.37263205487971135|0.4148916217657022|-0.16744707228600852|
179|-1.5375256518204405|0.7547219899347916|1.2348794793657532|-0.740615118237793|0.21728949726051996|
180|1.4014534528465017|-2.2433065633635967|-2.0344636076477607|4.408720243845818|-0.938728488816352|
181|1.0757341153547768|-1.1704561102376814|-0.8290066422874681|-1.2036870525641443|2.0864317723509287|
182|-0.5192199029249717|-0.9505238304671201|0.2955365999007062|-0.07727651234213198|1.3031342288744394|
183|0.9820764601136818|-0.5434518480574512|-0.7728855764902063|-0.7701962344002984|1.183352572376132|
184|1.2574367300376845|0.3322551447932038|1.3308577634754888|0.12600518040824749|-2.4411689457248325|
185|-2.4446955586283243|0.7270336105052132|-0.06602968916800611|0.47666262738437565|0.3283697859832352|
186|-0.5540540376332292|0.32015698673196225|-1.987006703772189|2.6284942347821363|-0.7492104528222411|
187|-1.1834792059441621|0.455521534801119|1.439783058685054|-0.626910386629286|-0.5653292675954994|
188|-1.7490904763014956|-1.5883356341586152|0.20935618216417787|0.7862074789873361|1.9232058593843595|
189|-0.05729464773937149|-0.3878042949393749|-0.08218512108346272|0.13137480195775858|1.0656671938300997|
190|2.41561617397695|-1.327602499719836|-0.5501022610824056|-1.1960132817400095|0.02578436277633866|
191|1.3976602015721402|-1.6967889816400714|-1.4143708388471892|-0.6939941496395206|2.794951255149127|
192|-1.5706926062553626|-0.7543238251046438|0.545812246636655|-0.42799316435861817|-0.28404028827389904|
193|-1.636425972285512|0.18143350423037172|-0.599348303658959|0.6384448007819414|0.3688838208334693|
194|0.7551141246102634|0.611970115993782|-1.292843811977841|0.05184819248253005|-0.226751191517471|
195|-3.7108351892066658|0.015632218608716074|4.143918652259824|-2.117024249013249|2.65983676768601|
196|-0.44187896924080616|0.17702198183701537|0.12449622892731847|-0.8111424303888034|-8.205680029856672E-4|
197|2.703872885585927|0.7983750000406755|-0.2230745497280801|1.0473008663100447|-3.170379504066062|
198|-0.8242280223321053|0.8045899184633916|2.2620779690457526|-0.11910272996765513|-2.0891277111815554|
199|0.5321782290493048|0.08880248987710306|-0.6214971739411359|-1.0325053096104193|0.42559673939667575|
200|0.01893855403588298|-0.33989578852647123|1.0562338819968309|-0.6728226513999279|0.6294577364051186|
201|-0.00907229929102658|-1.2377848505441689|0.7832854918161476|0.06350444007539993|-0.25102466199084983|
202|-0.21949666700300854|1.2145126678869547|-1.0551705220629484|1.1483928858650905|0.9351887658724757|
203|1.8636683187671785|0.44226400684723427|-0.19417870959416783|-1.720501143423764|-0.2690292292224848|
204|-0.6498732365082834|0.12520400255164235|2.0147288995161916|-0.8206571983711026|-0.3574704848806531|
205|0.8025824329965301|-0.7309042517198426|0.5199234642239513|0.4676495110645032|0.2790232377268436|
206|2.179042776660161|-2.058730441940234|-0.6021756566526357|-1.3693091276167655|1.6194531746266876|
207|-0.5421837207505329|0.5947018811895912|-1.8309802120448022|1.084009411907381|1.333186212587973|
208|-0.766425483118474|-2.1082366544122126|0.5038596936162147|2.3079538878529706|0.20394646202609115|
209|-0.10395075621947432|-0.05940328977443205|-0.7577233049489936|1.4918789831685193|-1.4496564259740028|
210|0.23030801084783806|-0.998915291447017|2.293058718381642|-1.655588578946469|0.7030942384985477|
211|0.10726702091747979|-1.5904600565821878|0.6033237572734299|1.5621246306726189|-1.340162216364205|
212|1.7346740789584962|-1.2971235983031493|-1.1602458348096005|-0.8215704325983069|1.0818529497709175|
213|0.2927342532185978|-1.0198257288885824|-0.4981348835381745|0.9161585998251648|0.9680526981092672|
214|0.6030762213307637|-1.6347707291813534|0.8457508176678955|-1.6852691745283377|1.3587817395952038|
215|-1.0524790981813668|0.5635045336738456|-0.44899947010757335|-1.1597862675845274|2.191368458189893|
216|-0.188381103107202|-0.7642971127083911|0.4659637389433378|-0.46144300487282125|-0.32712873150930444|
217|0.8516374882651462|-0.9449311123843301|1.0978115777998054|-3.208205145155814|2.480352873749798|
218|0.9193312365618381|-0.7373032347993326|1.539743011739413|-1.636441170090746|1.0100946743151593|
219|-0.37295571156820484|1.5081999963673884|-1.3220147316991377|0.39857175114160776|-0.3784608222213579|
220|1.6668859527706734|0.6166484876058828|-1.7293521864788663|0.39986351482657834|-0.36422509292522975|
221|-1.2242916256209526|1.4596886044610768|-0.34098042905074316|-1.1683687980723478|1.5871935977404086|
222|-0.5111529803900882|1.907077995092208|1.1620828658533713|-0.13217057357928041|-2.3258548116511566|
223|-2.508220619800905|-0.8833881962878004|2.0261549758275232|0.06549047547106604|0.8247260115418193|
224|0.4063239326919562|0.6251468047736978|-2.550463211936221|0.11082869398832824|-0.17279177143466315|
225|-1.4292948317546603|-1.837698565446581|1.8650480871217445|1.3727853429225516|-0.27629754777621784|
226|0.6987667849467019|-0.5238184889911012|-0.05588722574323073|-1.8793494866399576|0.9818767113550678|
227|1.3636384400296355|-0.6106216012264171|0.23663698092812713|0.3559020010725191|-0.9058089858593021|
228|-0.39196154582829257|1.4840716137900347|0.8801987082383103|-0.3651666243828557|-1.4273106726005134|
229|0.2489054407672321|-0.335027627060766|-2.1904366753489124|0.7067884791939902|2.0944764945021856|
230|0.21460956955715282|0.06930367109530314|0.6076775131035128|-3.1259030874598466|0.3878911014451072|
231|-2.070780277881496|0.012025812828409609|-0.5898045230821843|0.7380499763287701|1.4151135859622164|
232|0.421842115675355|-0.24476063674773435|-0.2906047116702064|-2.2009972768670005|1.6249137782715737|
233|-1.3760950512768984|-0.6569300816468665|1.1792056485653817|1.0226888816877808|-0.6018418597411919|
234|1.5597950498695123|-0.806366066094587|-0.932155143803737|-0.6353487446872236|1.3157737950591013|
235|0.9285574583672319|-1.2697152990369545|-1.8432800118969184|0.6863176369005535|0.13657674947819318|
236|0.0032026080337891408|-1.076067567164341|4.318140448722841|-2.721021107933978|-0.8611281349520915|
237|0.37839285224524394|-0.9782122053157134|0.8438824036207819|-1.1748790072793376|-0.09359259896761098|
238|0.16690244921389807|0.8639009910110323|0.16144878113510824|-0.21900871651536008|-0.8568122933571165|
239|0.05788740634356437|-2.09291305108083|2.702038879324505|1.2123696651733884|-1.545754380066765|
240|-2.062392234340327|-1.1115981517191957|2.7543662452028754|-1.0309524992976518|0.8758710828840491|
241|-1.152499110090021|-1.2632535923753947|-0.6830312190412671|1.3500507632622787|1.1589426520984698|
242|-0.04503008147100885|-0.26871042816564245|-0.9301457317713706|-0.4038544197154804|2.4257291168002872|
243|1.5657004880973495|-1.0149987827516016|-0.03205264297962685|0.6634055517768602|-0.48178473529734456|
244|-0.3269586276954721|-1.7361498879919663|-0.23169381690797042|1.2358375276813658|0.89105030305862|
245|-0.6405774474439022|0.5260087486031784|1.9929351524611416|-1.3978572609625028|-1.0664336534702252|
246|0.02068360239671836|0.29232893612279676|-1.2530114734346105|-0.6884748748674056|0.9501699779575405|
247|-2.326969461159019|0.07760211241877656|-0.5721602671007431|0.5333881813753032|1.5594305655929286|
248|0.4631942129315818|0.985604175375185|-2.20809079875118|-1.2717691733578549|2.6194697598781|
249|0.26874349168986733|-0.27534884138461774|1.6139620248561477|-2.1074099392969012|1.040313309987716|
250|-1.1139464444825822|1.2630216881700826|-1.831949001127556|3.0601378420239835|-0.26116096544782896|
251|1.808775366426217|-1.2249864168329925|-0.40852662283098756|0.07952700871165325|-1.0278719002026102|
252|-2.060117987601955|1.3330831184563445|-2.195679863998091|-0.7708946815165744|3.54448925321513|
253|0.8080576155855965|0.017230600953231777|-0.4619004365598867|1.3127274254879298|-1.030981803143464|
254|0.16535001824995127|1.166865305732525|1.4422309629308874|-2.625261337248304|-1.4430679683479017|
255|1.2462862101691763|0.6259410440792583|1.823039143330591|-3.410992333449628|0.051855905453932684|
256|-0.6752087552650413|-0.3054483153674027|1.1347107544641184|-0.6984000786433484|1.1258787890378235|
257|-1.8840212201521562|1.5923138702577915|1.4185438278471725|0.7692600117205189|-3.021508406350773|
258|0.7291237821044272|-1.1748409218674496|-0.06726963762718409|0.3639105332717566|-0.7276130996896457|
259|0.9653032988675053|-0.5235099027431914|-2.22066100889188|1.22119327856038|0.12977298511362015|
260|-0.8529935367657892|-0.3208119783668089|0.9042360754124851|-0.9040374503561414|0.21291446919905854|
261|0.4583983016775332|-0.1242077377754162|1.0556740396808864|-1.0508208449651941|-0.8869424743772798|
262|-0.09749493808800422|1.2100992177540582|-1.7591578730111914|1.5409458420336595|-0.5300111722901283|
263|-0.8100624200754919|-1.1646116012919032|-0.8000396339141788|1.4927102612734402|0.28724342482946796|
264|2.2086758215424234|-2.4507142619239266|-0.44137849595680906|1.0456527011372283|-0.7235385714618007|
265|-1.6512512289918497|0.8141341290240919|0.7419001656668411|-1.8798257992721648|2.185090026380879|
266|-0.3377316407647204|1.6646085903244405|-0.41514515225063137|1.4123697818819843|-2.663271926949345|
267|-0.24098807120542798|-0.4200795246547861|-1.7011206939973496|2.5506555816342456|0.06669452541314054|
268|1.2608227065616588|0.41337097126487393|-0.4080764174379814|-0.47291526078618695|-1.1741586690680341|
269|-1.2648593469738119|1.663259922607606|1.7827759450158618|-1.6021237894320124|-1.1359151957064788|
270|0.12735262580032525|1.4798574167253096|-1.3009762137814813|-2.1491314571090814|0.9570146425797013|
271|-1.3902003627442714|1.0928990453857088|-2.0440247248889754|2.263754809326027|-0.06265816651097263|
272|1.932094391740748|-0.5066070897109437|-0.6759410343580753|1.421592681647461|-3.097086954912398|
273|-0.4003139935409704|0.84834523679339|-3.185816408104538|-0.521786933588768|1.8333374089604333|
274|0.9829827155552839|-0.46079943713483795|-1.5369894676940261|0.3069011148564895|2.023514193460054|
275|0.7708477192829306|-2.0569480248329244|-1.58433388741348|1.4664844281456233|0.3326377844594032|
276|1.267286057451695|-0.13282684964302222|-0.3911579642777007|0.021431700035732436|-0.8401528544645599|
277|0.8360558165059081|-0.12906323001897477|0.2702219235108716|0.21575504052556216|-0.9263649250471309|
278|1.3702463793767523|-2.1837558126520293|0.5618436424299819|0.38835023852747524|-0.5526192987561601|
279|0.4663536768891759|-0.23315018403268103|-0.6589050570636985|1.4886779886764183|-1.7258476340197402|
280|-1.091085340799901|-0.530273902226068|-3.3634826099881554|1.7892007531717775|2.714488383235585|
281|0.9099940828092038|1.984067078756051|-2.691020450169254|-1.0784441198556338|0.48709089048112425|
282|-0.3818036462657184|-0.1773418808395365|0.19243598631846867|-0.1627297925879158|0.396997899456027|
283|-0.3443260661532794|4.367718833029594|-1.6101686639052921|-0.19007693420248467|-0.4728238763589919|
284|2.9747849720240707|-0.5822900009045151|-1.7717267529262206|0.6605795331270371|-0.9258793329628077|
285|-1.6524735854173318|-0.6447659676906876|0.6515281690750848|-0.6857727781628281|1.1678355070561024|
286|-0.841869004066639|-0.5737578237388126|0.8976843732515674|-0.9820061413697572|0.3239173886848584|
287|-0.5663577650588247|-1.9839887530805274|1.4412475186587441|0.5344841094150649|0.11046737132075|
288|-0.7417303156845138|0.004881512806818768|3.6387673539854526|-0.04894495211522668|-0.447872196470333|
289|0.8561919839129823|-0.18977402871517599|5.214536154045155|-4.060595712479377|-1.9711717186079125|
290|0.2046010065022537|-0.24797685856732968|1.6239192938165377|-0.756057819016596|-0.7040312000386898|
291|-1.4650648866384957|0.42589762686258875|2.3175583645428386|-2.0538416690982357|0.20443031864211192|
292|-1.0143876486310943|1.1116760935122842|0.159362632018458|-1.5866567418694348|1.2019595310106357|
293|-0.10264603818614372|-2.604986377451678|2.8493156302686824|-0.20199295102976617|-0.6439610371379338|
294|3.433568691684113|-1.0079296451820927|-2.6427098503174453|2.322252303328616|-2.571213936994828|
295|1.2420738299726108|0.9153211460302326|-0.7754471643862579|-1.9858370218993133|1.001913676043254|
296|-0.6423487460285373|-0.08671736428988858|0.6249270304003669|1.3395718759264033|-2.120949702649515|
297|-1.8615641913968168|0.7071639003715623|2.0261650528780493|-1.079094296131065|-0.39294214272452205|
298|0.4561896540203131|1.1645407272880386|-1.3684661737213408|-0.37056398376125255|-0.3617277059708556|
299|1.6355091446649865|-1.1362291017259922|-1.1219971547083736|0.5014493577130228|0.4091479427710764|
