0|-0.0234551853190277|0.2748113429069279|0.6706305189422698|0.3400633806449389|0.5359018781478307|
1|-0.6932471494895521|-0.680406533069071|-0.4103010596265113|-0.6064230474451678|-0.33868091153898594|
2|1.0952411955341812|0.842558970215263|0.8507646465161898|0.8777862812717043|0.8226567438101098|
3|-0.20288879643725932|-0.028390243933931695|0.20627796245408897|-0.04177733024101499|-0.15313300947317773|
4|-0.27578906528300773|-0.10953007894590802|-0.28633078261614625|0.235937536290247|-0.30980860413514927|
5|-0.5576543904855498|-0.40401237842690085|-0.3385962606320574|-0.1235864948516337|-0.6213508795519413|
6|0.5475433998924499|0.9229704781932013|0.49707181541245005|0.5708177723647888|0.48416431331388243|
7|-0.11360168650369976|0.3929890160655484|0.2819040663076069|-0.05212032697897|0.46898842706244204|
8|0.23885865494920178|0.021653264934267752|0.2784659109263171|0.5769231236495467|0.2597881639432148|
9|-0.04725595826116655|0.5467607989942848|0.39266061282763154|0.1555137122289417|0.2561896302990186|
10|0.3124560327936497|0.2985290570390354|0.011655442589113225|0.06474696579192075|0.7897359450504491|
11|-0.20275790284652415|0.03433747876052982|0.055299096180694216|-0.33582382574203057|-0.3130419638472454|
12|0.40067011943552777|0.3808960079127983|0.47922742653960426|0.2924172657511268|0.6438188454450543|
13|-0.14274118430703073|-0.22750290525193942|0.03976591022388515|8.712771780257771E-4|-0.19183578369653673|
14|0.4168633178015417|-0.13865573784273075|0.17100245687749593|-0.027235481385048842|-0.1004826361570683|
15|0.4325275910089891|-0.13453355090882838|0.4680904638973731|0.6648315692717944|0.5817941209911267|
16|0.5159804342623505|0.4222681331636405|0.5109714126459934|0.7458962509746437|0.6299421048837059|
17|0.2985584776934307|0.20657723257971483|0.5460569958980783|0.3310912444994711|0.6354663842294008|
18|0.054208585913424666|-0.29847867903439756|0.2007366100722056|-0.3288974149379595|-0.05480906299883365|
19|0.47754270954528505|-0.257708459226934|-0.6343297597798361|0.04055450218917184|0.04779590300458658|
20|0.30408638218771356|0.589780894438318|0.3977855957073242|0.3655180151116355|0.598855014050369|
21|-0.09979175685633318|-0.7129005299725447|-0.3464562815219907|-1.142550185741695|-0.6663086562114829|
22|0.23573310465544373|0.43645844581986865|0.1836434881913743|0.25689196402095077|0.5877767319395505|
23|0.5806085943789985|0.5518084621534823|0.8517303444348272|0.31943720985545176|0.06696717911503784|
24|-0.3930758632501115|-0.4932286802852289|-0.1464928557981784|0.09112593547716107|0.6026508939804437|
25|-0.25418613619116454|-0.3265154222747238|-0.537860223824743|-0.8686106516781034|-0.3815523548483012|
26|-0.5231053585371614|-0.5045421351192568|-0.20971480772715|-0.7842350224360771|-0.393684211791555|
27|0.6739605218238481|0.8014270395193852|0.5860900112210807|0.24643220378452038|0.24985332869711974|
28|0.34421659037275454|0.3593982769162754|0.9539772780477614|0.3907442985595631|0.5345984246138944|
29|0.7950361279807401|0.4011926966925321|0.20966219479086126|0.6100608848712443|-0.26144917303911824|
30|-0.04462272137792063|0.054064055496585314|-0.001987143658675004|-0.4019317259413864|-0.27549924503938916|
31|-0.7198976368278076|-0.24076934706102576|-0.8450014455866611|-1.1006498302993308|-0.7523461495253604|
32|-0.3338480969167878|-0.4815862550996565|-0.15192026237164555|-0.30777148162370804|-0.6501683597426798|
33|-0.2770600106229427|-0.6530933451741157|-1.2175681285669295|-1.0585690375355654|-1.0976738249414206|
34|0.5646787673356248|0.5345654343810989|0.5351200167757704|-0.027574519800444206|0.6157935895780349|
35|0.275324862647201|-0.02789344018612306|0.06403966447896926|0.03410850030555764|0.04014179243686624|
36|0.4223761104113086|0.34306713743909617|1.0291403926159413|0.3310153956145388|0.3843390054562635|
37|0.8858209840553903|0.6020963900426138|0.6162177579621334|0.43147509359207936|0.7252389687623905|
38|-0.4581929239433586|-1.0700713361534948|-0.9572110280688674|-0.661733710906085|-0.5595237108879475|
39|-0.1930919682339469|0.3554977013583008|0.01891564077591362|-0.1294678877481789|-0.014886070009309887|
40|0.008853744440788128|0.28664628720531016|-0.16683910704758004|0.3007411101135639|-0.1901636924108074|
41|0.49525431662250263|0.6930572801887609|0.2270582671761076|0.48945020160910246|0.3263562812973995|
42|0.49648776751010615|0.9357233944845793|0.7576539253243735|0.3337883966017757|0.7130657444376169|
43|-0.9729210630672812|-0.8104352545823846|-1.1456907245231507|-0.8071811905886264|-0.8900996019211596|
44|-0.43077885284919754|-0.7031700584528364|-0.540523765343052|-0.5455586173252519|-0.6807621094038693|
45|1.7732626048300069|1.4538540176413717|1.6811804107378385|1.036666527063135|1.3299848295019219|
46|-0.28938542664703826|-0.4869284414750605|-0.6757083340191767|-0.09881699442577692|-0.12875508028262325|
47|0.008091956643413806|0.08305488294020535|-0.1551567196644326|-0.11251721914032622|-0.4627432717987404|
48|1.13845708449603|0.9491247648807165|1.1991519797297963|1.330850359381544|0.5687591361094774|
49|-0.10557415090145493|0.18294403136365378|-2.5338314558642403E-4|-0.08814626284584277|-0.12366364883827397|
50|0.49386757241250195|0.2655568276173822|0.16331231792721299|0.4577475701027362|0.3004319198353388|
51|0.5017387293580281|0.11139436385989426|-0.3369674842199994|0.13619644948668597|0.30886861241048064|
52|0.8762131945154636|0.5850063558466283|1.2454899557479253|1.282298993263425|0.40301865890572314|
53|-0.940031336198848|-1.1000393602132938|-1.188305737314882|-1.1256131234064644|-0.8244555086779662|
54|-0.7820831977398597|-0.34167463822220806|-0.835694227169109|-0.20908339460069428|-0.418399556169347|
55|1.1373522752863332|1.1261936580052732|1.3804785918754932|1.200807247129219|1.2541585632778707|
56|-0.22740919831509113|-0.1015639377816543|0.22892906182935355|-0.00646038432796162|-0.38992351905923184|
57|0.28202174226920695|0.07868450796667775|0.3132520797899504|0.32530271613248396|0.6504963699876701|
58|-0.10989737515987046|-0.4334494311900898|-0.8787548566212188|-0.32856772837734843|0.01871248633620393|
59|-0.5808534018678086|-0.35219606594999675|-0.9746725207099817|-0.5530486235951602|-0.5033469640994346|
60|-0.12188816434005707|0.014639260532020774|-0.2327440003954812|-0.07164526383708568|-0.3455908747973763|
61|-0.3507358903010143|-0.34877621727016445|-0.19479952710484938|-0.5743110575114114|-0.26605094821286673|
62|-0.846040558126269|-0.8219469090047679|-0.24502468401367178|-0.08314151841475975|-0.47570898657542265|
63|-0.017033644104673246|-0.12739129926808124|-0.028220049801046053|-0.2630058059550498|-0.2539156708942169|
64|0.38893875447678367|0.43865522423682224|0.5333037570777136|0.700143712066668|0.5546598259434524|
65|-0.5511206655595524|-0.659422591918544|-0.6996963897375718|-0.7231962096837747|-0.6997108512864586|
66|-0.19282116361570062|0.059469395978505056|-0.170137962099636|0.04328525098233947|-0.3414282932824729|
67|0.0030570021203824697|0.007279729549367487|-0.02874806260125331|-0.0336426906191965|0.3344007838346002|
68|0.2109302742854459|0.9918127085065932|0.2810019295371706|0.5716661287311899|0.1983361095326755|
69|-0.3233612759023809|-0.31677015024083743|-0.6746691695906218|-0.5735386201617186|-0.19512685201239946|
70|-0.3729693898343081|-0.36609856462434204|-0.27648887403377176|-0.02045089082515356|0.2448152100640886|
71|0.479075214745704|1.2926228252555494|0.5857688039692731|1.0048371431953425|0.12060593988034952|
72|0.22320024439806066|-0.20762607564186916|0.19080970310531323|1.0392896608345716|0.9607091565034064|
73|-0.12141138778080769|-0.7234518830809167|-0.09618715871696967|-0.09160988667945744|-0.16175341209923674|
74|0.5149261107632891|0.14977855097683598|0.45696258200023754|0.13818466702004725|0.8307318331025699|
75|0.8389754917048721|1.045412424610036|0.6907125531505575|1.049797554079939|1.0161578422092072|
76|-0.04205035152719042|-0.11294307758953767|0.057765361449455266|0.02743524145985243|0.16315526458912574|
77|0.4877412429445304|-0.23876913494165303|0.2907743983304851|0.14102349747260198|0.25150210799989065|
78|-0.42834771349926554|-0.6733143684513342|-0.4011493274309769|-0.37732627001977453|-0.7480860273280316|
79|0.15873482285315965|-0.040119749341705375|-0.025023788677776448|0.1980024740483765|0.029069496895856455|
80|0.2032184709180509|-0.0238930192392645|0.6000840608182031|-0.14191081701796218|-0.16134545672875952|
81|0.30066202198845976|0.2860298008858969|0.4422324619044582|0.8751387189518085|0.7272737922566785|
82|0.27415929841075787|0.27047052656391934|0.34915794916438186|-0.11909668056068479|0.5016850594585718|
83|0.5201791312573589|0.6833844580245487|0.3353395473523928|0.6875017517040707|0.2833834125491837|
84|-0.10448219356752844|0.14912786778564635|-0.1021694063323201|0.04736847838046845|-0.25170169602311165|
85|0.09137118524101162|0.040513465068574755|0.011201684623416464|0.17270445164895987|0.35584078808780056|
86|0.47640786420518405|0.7340377203756541|0.6270215707959103|0.6006634864519191|0.3742001389659705|
87|0.047579295134843755|0.14947719785738556|0.852829566770868|0.6828920787174241|0.26391289199505313|
88|-0.1429595603562173|-0.6812036273559658|0.06885960790793402|-0.37836406967178104|-0.16238756658393003|
89|0.1621645518792281|0.4808827272552061|0.16297369596128847|0.21053165016008346|0.2942261354516222|
90|-0.6094448779868227|-0.3432670560403151|-0.9222938644576453|-0.676428757376781|-0.7581119020821362|
91|0.44512130525839|0.628658890308143|0.3955233150656145|0.417883587014614|0.5910835669691779|
92|-0.006149227949750374|-0.0715155554286049|-0.1648235574122992|0.3164845645755843|-0.02794867347869095|
93|-0.17495632438296888|-0.08264120322906846|-0.46977530925321603|-0.1983700564847913|0.045016838154885504|
94|0.2915762835790568|0.37332149216416144|0.3708032051216534|0.8213976076306772|0.6721017263614951|
95|0.5703934821144626|0.5149423702907935|0.09634539843506|0.012585376404469543|0.377835069558396|
96|-0.8294772413788676|-0.3439604161559084|-0.6027197086158891|-0.6880712490826847|-0.2044643996950926|
97|0.37168872454720986|0.565171180969774|0.3913103799841327|0.3227998919691799|0.3229653722429781|
98|-0.1466656435963949|0.0020437708301181317|-1.0612698909427807|-0.19322496021855992|0.11649692367691651|
99|0.6993827026375243|0.40157388704942637|1.1949901101449758|0.5550943568753646|1.1147725853145583|
100|0.13343534684655703|-0.33710674784244204|0.1259948979914053|-0.4104860093844103|0.10496062170755178|
101|0.4132089739120213|0.11119723476382071|0.47157888313736573|0.3249612049524464|0.05750245061322811|
102|0.6633061372864778|0.037771520688791235|0.3026357898342588|0.12940333253938938|0.27745197118085946|
103|0.6278662123495513|0.3093659486840876|0.7000082423811619|0.814194573785683|0.286122140869782|
104|-0.5104884165581638|0.12434627221090085|-0.08552715487062813|0.23465059543981767|-0.057260373724032365|
105|0.41294390264985764|0.8486098943651428|0.45729068541582313|0.4598139768132463|0.548490660611702|
106|0.0886515168827651|-0.08708401829875134|0.15507295512121372|0.34301881683144114|0.039868989202376845|
107|0.27338144554053667|-0.2281357861413079|0.35163601115456644|0.2437054610104253|0.147771443320475|
108|0.057996835463624045|0.2911134307278029|-0.597495266019849|-0.064644350743938|-0.37442910357035253|
109|-0.9485788165274022|-0.5414164524117973|-0.6514823208282704|-0.28082265161520936|-0.5796390624139507|
110|0.1196733666458542|0.38176170839807433|0.32946407935568767|0.011999069330694934|0.08504066006651062|
111|-0.224800448338789|-0.870338494462302|-0.9927851229227141|-0.6780540793601636|-0.8049460584497582|
112|-0.32963631737056226|-0.18598274361939|0.0639801417720635|0.06927138862299169|-0.27544271689617383|
113|0.0967062060349493|0.15643335706796657|-0.17462376863718795|-0.20875604886070187|0.0737420282036705|
114|0.4387986639599108|0.449316641922809|0.1794539646280821|0.9393097624649382|0.5428471127140453|
115|-0.5653003137593624|-0.3010789543640284|-0.4892643781340512|-0.22165144232639392|-0.3167326676276108|
116|0.1361520188244813|0.08843512850721771|0.19941204425244646|0.15140860688616262|0.3789139359405132|
117|0.11496746491352244|0.3819818934329483|0.4683064760359179|0.28707652561179475|0.43344782542707566|
118|0.05164054601004317|0.2094368759830361|0.07490044203095503|0.14103944317759579|-0.35714880902815543|
119|0.06952219967505212|0.3676688874005997|0.08820589818042808|1.0397178816316208|0.10446413910766678|
120|0.050285522805136595|-0.4916442581687518|-0.08336915623553807|0.05020036522757594|-0.36828214058016623|
121|0.3452262289008851|0.6183246544230022|0.13517466541248105|0.38595064333081497|0.2665796447699711|
122|0.3511748109770094|1.172289130526749|0.82076808448244|0.6489184858200198|0.7715364687448447|
123|0.30433651352718744|1.2131524317866598|0.558361432763061|0.7881102160517234|1.0071421346465743|
124|-0.11599130661911099|0.6512925553162919|0.4505184188544282|0.6476378405868466|0.5565987350895908|
125|0.3857042087205303|0.09571991987879863|0.08249526290625264|0.2502913902206544|0.46117051362743405|
126|0.17448648255656546|-0.1982684850506876|-0.28632048009778843|-0.26212321263796673|-0.397161690940221|
127|0.7278840157106652|0.3395123502974295|0.7664096145519139|0.5796904788197496|0.5773729691108326|
128|0.746078347890695|0.32623806989937465|0.24605396197329366|-0.09688313353175758|0.3430890518520025|
129|-0.24693624101172343|-0.6789978810659023|-0.23039297995624014|0.0764130649011346|-0.34329105833863466|
130|0.7684609347046912|0.5591189925814322|0.9685434246484369|1.0327620813881344|0.8534165251177724|
131|0.6874099232952727|0.3795187870709112|0.6875682937008684|0.21237659927534255|0.38222921688203804|
132|0.4536593915310059|0.504952093368812|0.32166484406681656|0.017288445239134934|0.6843778533817587|
133|-0.05724702691418221|-0.5256569887275211|-0.09572137076517931|-0.09700589679241221|-0.5050983166592888|
134|0.4128848001605517|0.029587538948066216|-0.21900961059817806|-0.0014840681124015825|0.1551706073531011|
135|-0.40915351874757167|-0.07628278456727935|0.2507040363788233|-0.06149714539676199|-0.11136042342478787|
136|0.46024958435661145|0.10761106525438749|0.44463408669337323|-0.22463572748944632|0.17311473889551113|
137|0.11136830760484343|0.009160030913014523|0.6799170209589334|-0.1200980750267677|0.4126527854212355|
138|0.06871912172344491|-0.21764755907451871|0.09071985345628107|-0.02728948698590566|0.09672543359300638|
139|-0.6161215521667964|-0.6506256001338402|-0.9199348956249139|-0.6947969660028899|-0.616095061395957|
140|-0.29304271648859764|-0.30914148723508755|-0.15590427737683354|-0.30698053723380414|-0.11265203107442213|
141|0.006401347956925105|-0.670194506380366|-0.004038070256146822|0.21026547669501805|0.1827779638007766|
142|0.7219798491646087|0.32681336834211056|0.08796799094880664|0.31921156073797186|0.2283819059492319|
143|0.5986104268552602|0.8499787843137827|0.9480129810133517|0.7012441225615306|0.20422003665862265|
144|0.11899697696691121|0.23492243150338776|0.3402039186633941|0.11901596018959712|0.22408844780260118|
145|-0.5991478354063475|-0.9176143222052708|-0.6695333424177673|-0.8370882397022047|-0.9229560985394935|
146|0.034339149567458996|0.2315197792014835|-0.25719411423293376|0.3225940306236445|0.3077247996570922|
147|-0.7773181821148388|-0.5279410682296284|-0.68594904443452|-0.5213545579324057|-0.43775088887337105|
148|0.20281107725002923|0.2193523317025361|0.32083142237759243|0.3322344217936974|0.19076061952695758|
149|-0.03486674112616462|-0.3286024526371367|0.39456503009211014|0.11390264674398695|-0.1871707266298132|
150|0.15351930905001376|0.21252011099431908|0.6461713204994364|0.19717577830634903|0.09067069933837854|
151|-0.293803313069347|-0.17602997902546377|0.05744397225695616|0.22934720520908675|0.27427131657864473|
152|-0.3722981685510011|-0.325420411186111|-0.20760475184653668|-0.5852549169824248|0.16604858205677037|
153|-0.4565793465285277|-0.41704049194014575|-0.6450772181174023|-0.29715125391137875|-0.48720301825028123|
154|-0.6156909983639806|-0.419554968351123|-0.13325107324140356|-0.08208384769272807|0.0049779548257805365|
155|0.06378755994991787|-0.1896994311320512|-0.2797818539777682|-0.20115811006140152|0.09348254258680255|
156|-0.7677553778817127|-0.36129601212514556|-0.5501338136306779|-0.20475084986362518|-0.16656664166042437|
157|-0.0735649226235788|0.03232763456176777|0.0720035130320819|0.006992032157394165|-0.030303369781193062|
158|0.5900558333435871|0.7803235995087788|0.6477311579573621|0.3433203388073445|0.5423312394371603|
159|-0.1562147955348425|0.22655746924476636|0.0033551293966526553|-0.0754549530089746|0.004388731891464191|
160|0.3103736486782269|0.6887059918397915|0.16333995036071086|0.20462292123934472|0.7938872102195069|
161|0.17872188231109468|-0.10554602577250684|-0.32958260066334627|-0.2336458773802783|-0.7114957222754844|
162|-0.6450899036339395|-0.49975488280606534|-0.28957564745449144|-0.6847666300897526|-0.05231835284496462|
163|0.7079167316681154|0.26692172040773915|0.5663122188966131|1.187184204455075|0.2498775209851078|
164|-0.2325532158360218|-0.5654602892828139|-0.0425897353965881|-0.5641492311296822|-0.41329067162531985|
165|-0.5007475444965499|-0.33786408438349785|-0.37499152573322625|-0.6668690127882267|-0.28868928461388743|
166|0.046266669700586946|-0.3321318521456033|-0.12909505117507203|-0.05717629011618188|-0.043604781242042104|
167|0.5544585737090357|0.5126511911406035|0.23201497083349493|0.4130052776343631|0.08342179191845041|
168|0.3926193481731904|0.13888761546947395|0.25295640624031396|0.25453168791612585|0.14207790749554594|
169|0.2732066316550073|0.5499408921565647|0.1782717750059344|0.32071997152155723|0.37475136726157315|
170|0.14997519945767857|0.46311341125815936|0.10710301409448658|-0.06565526005946057|-0.20494663069742472|
171|0.0970735326519563|0.7328862059539121|0.13539674816568162|0.4703222240069301|0.2210644833651263|
172|0.3529814465153575|0.022208291675389097|-0.20630044049361448|0.3113703779547184|0.20244996728965284|
173|-0.41883419720338455|-0.3393034309452929|0.15915461110193502|-0.29133209195512316|-0.2366170396687973|
174|-0.7454829947568188|-0.8465636945797315|-0.8892487410985983|-0.7139683713104507|-0.8773620920804259|
175|0.42845922995389163|0.2605503840901218|0.38152874245285817|0.24672452046009688|0.4114104046043241|
176|0.1446928677354862|0.35526524536814574|0.3252724480470014|-0.06365004206870452|0.45069271455075455|
177|1.4743829736707383|1.0366933086401304|1.2945020789862638|1.7726587509040512|1.7390180489501597|
178|-0.9432050235149151|-1.023202566518146|-0.6013051608573757|-0.18486471400117993|-0.929912021684544|
179|-0.11495931572872416|-0.26212441695017336|-0.06834803293727512|0.18383251046994448|-0.45121023596875|
180|0.2400886512680443|-0.07772632469729462|0.14764998824318828|0.3545432181697913|0.2967736957175389|
181|0.3373349772494892|0.16483126335501852|0.031200550040412604|-0.06611104958488075|-0.40053180344327105|
182|0.1178407289054505|0.0366665094042314|0.24704884813164268|0.26280308274419645|0.30320088780990184|
183|0.9555728102947599|0.5920203336844613|0.6274049211112657|0.27171363021314693|0.6361659340389866|
184|-0.545057478947379|-0.5472592763709518|-0.5532287874044064|-1.0176419429895625|-0.6659469195183029|
185|-1.1358738292362314|-0.22014358350896948|-0.37175786804557326|-0.5005976124759961|-0.1080703172930738|
186|0.3310011003437244|0.29459095648952227|0.3286145424092802|0.6655381550564682|0.17055033563387317|
187|-0.3062170488966684|-1.0367360282294296|-0.4225628512604134|-0.2429084806716923|-0.17051293867987694|
188|-0.07882423998351966|0.13421062968817046|0.1689100456638567|0.2683893694039598|0.3876546605713192|
189|0.5926332457336557|0.22008903328950272|0.6938551597167155|0.03433146712774745|0.4063053966767393|
190|-0.004830581579842373|-0.19754117983708305|0.17739146285552287|-0.11080061086343329|-0.17092501546586106|
191|-0.1592207688626435|0.45417558108512024|-0.097609990777745|-0.2558651410875693|0.12983392112791595|
192|0.002182836043673624|-0.3849914215221478|-0.4158127741876532|-0.08606407172882681|-0.16452893830160242|
193|1.383909917052217|1.2550013821439534|0.8836625426563646|0.3515609623728037|0.8061103759190059|
194|-0.6743416639562893|-0.9800629190700341|-0.8940716410006981|-1.0413393776108448|-1.0014377770124092|
195|-0.23935415950583996|-0.04229404983984478|-0.4106763690987634|-0.038770023623460784|-0.04512030424472252|
196|0.48270929810909613|0.5210767298802638|0.7172972989513721|0.3252939313945658|0.42863843083797637|
197|1.2046880295479105|0.7317700322663379|0.8746268419733694|1.5738020825814814|1.2260847694001944|
198|-0.710457876032296|-0.3334565570527451|-0.38366777643746763|-0.9879582577444214|-0.6418955743130063|
199|0.25189867955710044|0.914630852063651|0.8323900715910262|0.8643679963117721|0.9540181882699196|
